3 2 1
1 2
2 3
5 6 1
1 4
1 5
2 5
1 2
1 2
3 5
5 6 2
1 4
3 5
2 3
2 4
2 3
2 3
5 6 3
2 1
3 4
2 1
2 1
3 2
3 2
5 6 4
4 3
1 5
2 3
4 1
3 1
2 3
5 6 5
5 4
5 3
5 4
5 3
5 3
2 4
5 6 1
3 5
1 2
2 5
3 5
2 3
1 4
5 6 2
1 5
4 5
1 5
2 1
3 4
1 5
5 6 3
3 4
1 4
3 2
2 1
3 4
3 1
5 6 4
2 5
4 3
2 1
1 5
4 5
1 5
5 6 5
3 1
4 1
2 1
5 2
5 3
3 1
20 10 1
8 18
1 11
2 13
10 20
2 20
3 14
3 8
1 11
10 20
3 7
20 10 3
8 9
16 17
6 19
11 18
6 15
18 20
2 12
3 9
3 19
14 15
20 10 5
7 12
14 17
3 10
6 8
1 7
9 15
18 19
14 16
9 16
14 18
20 10 7
11 15
3 4
15 16
7 13
2 4
3 18
7 20
9 11
4 14
7 10
20 10 9
14 20
10 16
9 14
18 20
11 14
15 16
12 20
4 8
15 16
3 20
20 10 11
5 6
11 5
6 20
7 17
6 8
16 19
11 12
3 1
3 19
11 5
20 10 13
15 19
4 8
7 18
10 12
7 14
7 18
17 20
10 1
13 18
10 20
20 10 15
16 17
5 11
1 16
4 18
1 17
8 16
14 17
1 19
6 13
13 14
20 10 17
8 13
8 13
13 20
7 18
3 6
2 13
6 11
2 12
17 19
17 8
20 10 19
3 5
7 14
7 8
16 20
7 17
5 14
3 12
10 11
13 14
11 1
10 9 1
1 2
2 3
3 4
4 5
5 6
6 7
7 8
8 9
9 10
30 29 27
27 22
22 28
28 8
8 9
9 25
25 19
19 15
15 1
1 20
20 6
6 14
14 2
2 18
18 21
21 17
17 23
23 29
29 30
30 13
13 3
3 11
11 12
12 10
10 7
7 24
24 4
4 16
16 5
5 26
50 49 8
8 15
15 36
36 10
10 50
50 47
47 49
49 18
18 17
17 11
11 45
45 31
31 1
1 32
32 7
7 26
26 4
4 12
12 28
28 40
40 39
39 42
42 41
41 24
24 44
44 34
34 30
30 6
6 35
35 22
22 9
9 5
5 38
38 2
2 13
13 25
25 19
19 21
21 46
46 33
33 14
14 37
37 20
20 16
16 48
48 23
23 29
29 43
43 27
27 3
10 9 1
9 10
8 9
7 8
6 7
5 6
4 5
3 4
2 3
1 2
30 29 27
9 26
15 9
10 15
5 10
17 5
12 17
2 12
18 2
7 18
3 7
19 3
24 19
4 24
22 4
16 22
14 16
23 14
20 23
1 20
30 1
21 30
28 21
8 28
13 8
6 13
25 6
11 25
29 11
27 29
50 49 49
35 46
40 35
13 40
12 13
25 12
15 25
17 15
42 17
38 42
7 38
34 7
43 34
37 43
45 37
21 45
16 21
1 16
24 1
2 24
5 2
18 5
48 18
19 48
10 19
33 10
28 33
26 28
20 26
9 20
29 9
8 29
11 8
14 11
3 14
41 3
22 41
27 22
23 27
30 23
6 30
31 6
50 31
39 50
4 39
44 4
47 44
32 47
36 32
49 36
100 80 10
83 93
9 32
65 79
19 40
12 58
53 85
69 77
26 71
32 61
30 63
33 67
61 72
73 94
28 99
69 94
39 62
1 98
68 80
21 64
36 57
29 47
57 93
5 52
76 80
32 78
39 53
81 84
71 75
27 59
31 66
19 39
42 96
58 96
43 49
23 53
65 72
61 62
28 97
10 28
21 51
27 67
19 78
61 84
60 64
24 39
69 71
62 89
20 67
18 37
22 79
27 34
9 1
21 70
55 83
86 95
75 91
24 96
14 91
12 44
11 90
25 49
44 69
14 92
3 7
68 95
5 30
36 84
47 78
7 79
81 92
21 25
64 73
7 23
51 65
1 91
68 93
34 86
9 72
34 52
62 100
100 1000 10
8 61
28 42
41 52
46 72
1 95
47 89
22 59
10 55
20 21
28 86
22 98
19 95
36 68
30 96
23 58
11 44
32 73
13 84
8 89
9 63
24 36
4 95
56 70
16 26
63 95
27 100
48 89
17 36
88 92
79 89
25 58
50 56
25 53
16 69
47 74
21 68
13 95
10 26
98 100
12 78
25 91
48 55
41 78
60 97
80 91
32 58
34 40
21 93
1 15
68 83
4 80
48 72
6 43
21 59
55 60
25 78
59 81
37 82
52 59
64 75
84 90
56 83
71 79
24 28
54 71
24 69
40 47
67 79
25 27
18 89
2 47
22 59
18 58
34 45
76 100
3 98
84 91
27 28
53 57
8 64
32 100
80 94
47 77
71 88
56 70
93 100
86 88
16 75
15 58
2 88
76 85
77 92
19 64
46 67
29 53
39 88
21 99
52 61
65 95
15 99
45 53
17 66
31 84
11 47
79 89
60 100
43 98
6 65
77 91
43 56
21 90
19 69
50 93
16 84
18 63
8 66
3 56
5 91
17 79
31 69
53 86
37 100
32 60
33 36
51 53
6 35
10 11
32 37
61 89
12 39
44 45
8 64
57 98
53 94
25 45
11 52
50 95
11 19
40 62
7 9
13 80
10 5
16 52
68 83
60 68
16 63
20 65
45 89
22 62
10 65
85 95
2 86
61 78
15 23
25 48
33 82
55 71
25 79
36 90
32 58
15 40
49 94
14 21
16 99
36 42
26 53
23 35
34 63
8 79
4 33
68 97
58 98
47 91
22 94
85 100
59 66
41 80
63 79
48 63
28 73
15 43
52 94
19 80
11 37
50 95
80 91
5 7
30 87
54 82
30 73
39 80
43 55
65 70
45 86
51 74
51 81
36 74
16 41
3 37
80 98
16 17
67 95
35 85
19 94
19 75
18 26
38 50
21 42
24 53
19 81
33 52
31 38
41 52
69 74
16 81
64 66
21 92
24 55
7 26
10 50
29 81
2 89
22 74
10 78
33 42
82 85
31 89
34 54
23 83
4 36
50 90
38 71
13 34
38 81
7 66
80 94
4 34
45 86
30 48
67 68
29 59
44 85
94 95
21 54
26 32
53 64
18 60
23 56
14 32
24 52
22 73
4 25
13 79
8 54
27 31
9 98
82 85
40 74
57 62
26 67
28 96
19 88
2 36
3 19
12 86
54 94
60 84
12 85
4 85
10 95
52 86
33 92
85 87
82 100
6 13
1 70
47 76
33 94
39 44
24 64
41 65
32 64
19 42
6 94
80 84
41 75
26 70
50 84
47 87
14 23
81 83
50 95
15 52
11 31
5 86
8 56
60 86
42 99
36 58
12 14
53 68
22 83
35 95
62 93
61 86
93 100
92 99
9 75
76 83
26 28
37 87
4 15
85 93
44 73
9 100
18 56
33 61
84 99
28 97
51 53
81 93
27 80
25 38
41 57
39 53
20 46
21 65
22 67
69 94
19 70
17 80
57 60
36 45
40 63
33 69
54 64
9 76
34 35
26 93
2 68
9 99
28 90
30 91
11 78
17 62
75 80
77 99
10 32
4 83
39 65
31 68
22 28
11 96
34 70
1 37
10 57
11 70
4 41
38 78
17 27
8 47
10 44
15 57
56 57
53 80
54 98
10 61
15 62
67 97
40 73
8 18
62 67
51 70
59 81
15 79
12 13
80 97
7 35
70 87
45 72
13 73
47 84
8 31
61 84
47 74
85 87
48 98
74 89
77 89
37 46
40 88
7 38
44 60
2 85
30 50
46 56
9 36
10 30
20 80
5 73
2 1
27 42
33 90
71 98
8 40
30 82
4 76
51 93
17 51
43 72
9 33
26 36
55 99
71 97
6 65
25 95
21 47
10 23
23 70
26 28
46 65
39 59
53 54
33 71
6 80
34 66
54 55
13 54
81 98
34 53
56 82
13 55
11 86
79 82
72 86
13 30
8 64
71 84
64 66
45 71
76 90
15 35
60 90
25 34
4 43
23 31
54 98
92 93
83 99
7 37
39 100
32 64
48 64
35 73
21 43
51 91
3 23
10 64
6 93
53 73
1 96
12 98
41 99
77 92
62 88
3 24
83 95
48 99
30 97
81 99
2 77
2 54
65 93
76 80
63 78
37 49
15 50
22 74
33 73
10 48
25 82
17 38
53 70
91 93
8 62
1 36
64 68
14 69
67 93
10 100
35 72
17 39
18 40
15 83
38 64
10 35
50 79
32 100
58 60
74 78
29 78
54 60
32 96
14 40
88 92
47 60
63 88
40 62
3 72
26 60
33 58
31 54
42 92
58 79
46 87
26 75
7 75
3 32
78 80
92 98
19 43
84 91
57 89
5 43
12 26
7 23
5 81
29 55
22 31
6 28
36 74
49 83
52 96
25 78
41 87
29 42
24 48
29 86
38 90
6 25
21 69
14 58
29 30
55 92
29 65
61 82
70 85
73 81
49 54
93 94
58 97
40 95
79 91
58 62
6 78
26 81
38 94
45 62
16 94
42 65
3 8
47 77
53 68
26 39
4 27
65 85
10 54
47 82
85 100
18 56
36 80
51 61
24 47
10 66
13 33
76 91
26 57
6 70
15 89
3 93
65 100
59 88
25 47
15 79
33 87
73 92
39 85
21 26
28 72
38 97
17 83
55 98
53 75
6 68
81 96
3 51
33 90
8 91
37 86
67 75
12 37
40 43
53 95
21 85
8 74
53 71
58 64
84 90
17 30
46 84
69 82
62 68
70 84
39 76
64 74
13 36
25 85
35 100
23 91
41 89
76 79
39 77
16 22
56 70
69 83
12 38
28 58
2 80
2 13
9 91
64 92
16 87
81 86
28 95
8 16
13 76
21 62
38 64
34 67
58 76
6 73
10 4
5 66
36 58
5 31
76 82
3 15
53 56
16 98
10 89
60 64
2 93
68 83
42 85
45 99
7 89
50 57
48 74
60 95
81 83
93 99
11 39
66 88
89 96
60 75
92 96
35 52
52 84
52 83
25 92
56 70
38 66
58 99
45 88
42 58
28 33
56 65
81 93
57 77
27 64
54 94
23 40
21 60
20 44
46 77
38 86
35 89
2 59
41 87
38 60
8 26
25 85
42 96
28 34
15 27
14 80
25 37
4 58
32 94
29 78
3 62
60 74
16 41
8 38
39 83
48 62
49 61
9 83
69 86
40 65
14 55
41 62
74 76
25 69
26 35
19 80
47 80
8 79
9 40
15 50
18 47
58 79
27 88
32 60
24 39
43 95
82 90
27 97
19 47
25 41
40 76
7 70
40 48
22 69
25 74
33 72
13 88
8 66
3 98
4 21
86 96
18 36
18 57
44 54
26 96
30 90
52 69
21 48
72 81
9 25
57 61
1 48
61 67
22 63
14 24
26 28
18 34
15 94
53 86
26 62
69 84
25 90
58 65
13 20
27 100
26 78
10 24
15 76
40 77
1 20
72 100
54 68
28 90
3 73
20 86
14 15
83 98
23 63
12 82
29 46
3 5
11 33
92 98
30 57
30 35
42 67
26 50
49 86
49 54
10 40
8 23
6 17
78 82
64 99
31 34
45 73
41 69
25 80
51 68
36 49
32 53
2 66
19 32
16 67
40 44
2 21
10 47
30 83
8 27
4 53
22 85
63 80
68 70
9 74
44 97
77 90
59 73
59 69
64 82
53 93
38 49
24 52
10 71
23 24
60 88
3 9
4 19
15 81
35 68
65 82
43 45
35 80
45 62
43 68
23 43
42 69
40 82
43 69
14 99
26 40
6 76
23 93
40 75
15 49
2 72
34 72
20 61
16 99
54 99
21 70
36 40
50 83
13 59
54 76
25 97
23 35
25 32
10 88
36 88
46 65
9 43
15 64
11 31
31 39
40 98
11 69
55 79
46 75
24 69
65 82
82 83
33 95
15 32
39 98
10 88
38 68
43 63
10 19
46 84
72 95
71 98
10 54
41 43
25 40
41 94
32 73
5 31
36 37
31 49
10 48
8 80
1 53
25 53
86 93
15 76
62 82
13 41
28 46
10 56
17 65
18 91
60 92
38 96
73 85
40 82
44 72
24 91
31 75
64 92
45 49
17 95
60 92
45 87
18 49
49 52
7 78
67 88
36 46
79 100
10 40
19 83
37 50
4 53
4 49
58 89
17 89
64 88
22 35
32 95
39 69
70 72
13 54
47 97
18 41
79 94
36 62
32 59
31 50
31 98
21 97
7 76
36 38
39 74
57 72
68 72
50 63
83 100
84 87
48 88
10 67
22 23
40 78
3 61
41 79
44 85
60 68
79 87
23 51
14 38
16 86
39 47
55 90
28 31
16 49
30 74
50 52
65 89
14 54
60 95
4 35
65 82
58 93
10 11
39 91
14 18
43 54
1 40
26 59
52 82
54 70
70 90
30 92
63 78
21 57
89 97
2 64
11 55
32 71
48 96
11 49
26 41
73 89
23 51
56 90
4 30
21 25
66 89
1 13
22 60
88 96
100 330 74
44 28
25 33
76 26
10 37
66 35
52 5
72 38
88 10
90 27
72 90
58 86
8 43
58 69
30 66
18 86
100 37
72 22
65 95
20 95
3 52
1 80
39 77
58 69
75 5
2 24
70 93
94 24
23 44
20 33
40 92
76 65
98 22
26 27
18 65
27 5
32 51
62 49
72 9
28 48
66 31
96 48
7 45
20 31
26 86
18 28
63 55
6 15
86 99
74 3
69 95
26 38
87 34
79 48
44 5
72 94
74 17
82 85
17 99
30 64
25 20
72 95
88 57
28 93
70 38
94 2
8 57
75 86
66 95
53 62
30 94
21 67
52 86
68 34
88 43
74 92
30 27
8 46
20 31
30 61
66 86
48 33
89 100
68 8
39 77
70 38
40 60
4 15
25 86
14 21
39 67
40 31
68 4
3 33
51 16
52 60
54 99
23 96
58 18
42 38
74 71
98 65
3 92
9 65
22 93
72 98
44 28
71 3
30 64
31 33
17 42
57 43
29 35
57 50
54 99
74 38
90 17
18 42
90 33
26 54
31 48
25 2
25 5
8 41
44 27
29 48
87 7
18 96
54 60
18 29
17 52
26 95
3 65
64 29
70 33
54 35
36 21
72 31
71 54
96 5
74 61
25 27
87 51
98 66
35 38
3 42
90 61
72 20
54 35
13 51
18 79
34 46
13 91
78 89
47 88
87 16
91 6
13 50
59 83
47 89
88 41
66 70
4 56
8 10
4 46
14 87
28 92
93 5
51 83
43 84
68 88
33 83
56 10
82 15
33 67
75 95
53 12
51 84
78 39
52 99
80 62
4 41
33 7
27 95
3 64
74 20
88 63
82 84
9 29
67 43
10 45
29 33
32 97
80 43
39 83
32 85
33 39
55 45
21 57
36 34
13 97
97 12
91 51
56 85
80 55
68 8
78 67
91 16
94 52
63 10
92 5
19 85
19 83
57 91
79 93
51 7
59 77
80 88
33 41
27 35
10 83
78 63
69 38
10 85
91 49
79 28
63 11
53 12
34 51
74 22
20 48
55 62
57 50
63 97
82 11
46 19
91 45
70 33
89 6
87 32
55 67
87 45
8 46
54 31
18 42
93 33
23 99
35 24
89 84
34 91
10 62
41 85
81 15
9 33
36 77
7 45
82 56
37 83
26 99
32 37
51 37
72 66
87 63
78 84
49 45
34 85
14 39
17 35
1 10
21 7
39 37
100 49
13 41
22 18
63 37
36 68
17 48
71 65
78 97
97 15
34 8
21 83
82 19
49 16
80 83
36 91
73 61
34 37
32 67
89 45
14 63
87 68
1 67
14 12
18 61
68 7
3 17
4 43
82 13
18 31
77 16
71 91
42 19
76 78
3 81
18 38
24 65
26 19
22 2
26 79
70 60
9 40
75 53
90 61
3 2
75 63
5 61
79 7
87 19
93 47
75 60
87 78
29 51
87 11
57 39
96 36
26 70
74 27
20 32
35 63
60 80
100 330 33
39 63
39 22
8 73
60 25
70 98
60 1
33 46
82 84
43 42
7 16
51 2
62 25
36 15
31 73
32 64
40 85
58 23
18 44
84 9
46 62
69 35
23 79
28 7
69 90
47 63
58 1
82 50
96 72
89 49
95 59
57 88
33 83
62 2
33 16
82 100
98 63
48 65
82 16
51 66
89 83
46 80
23 50
56 2
24 72
41 14
1 93
33 50
39 25
50 35
39 1
8 37
53 85
71 12
58 79
24 65
34 90
70 38
13 2
63 64
46 7
35 49
82 7
16 1
47 56
57 42
13 1
82 5
33 62
80 68
54 31
50 83
80 59
23 59
8 3
33 7
97 77
82 66
60 38
63 86
84 83
70 7
46 60
47 90
80 39
76 62
80 100
60 32
61 20
22 49
62 90
47 1
32 1
58 32
58 83
29 71
5 90
46 86
52 30
35 9
51 49
95 76
60 9
89 9
80 50
100 70
8 21
45 14
23 69
28 22
16 69
100 28
81 63
34 7
30 31
95 56
98 25
59 9
60 84
82 59
7 32
56 39
7 49
74 72
47 59
100 64
92 68
20 87
7 17
16 69
40 96
39 90
47 81
27 14
80 25
82 100
28 64
98 86
95 49
50 90
50 25
51 35
76 25
59 38
70 51
30 14
100 7
56 16
32 35
59 35
50 86
68 25
45 27
29 96
5 7
13 64
91 29
18 45
24 27
94 72
45 48
45 11
39 49
3 48
85 15
52 77
24 12
48 14
41 65
8 74
52 29
18 11
91 36
43 85
48 71
81 69
74 45
37 31
75 87
88 27
26 6
21 48
26 65
27 67
41 12
8 53
96 67
88 27
57 53
32 17
1 87
40 94
48 19
92 10
45 14
26 94
42 11
21 19
57 27
52 96
55 87
41 73
18 29
20 94
55 72
35 22
57 19
55 19
73 19
41 94
47 62
61 45
93 12
54 26
68 16
15 12
55 93
6 78
87 93
57 43
40 42
40 97
6 96
36 24
53 12
98 84
21 29
3 27
97 41
4 10
54 30
55 42
45 53
92 79
1 43
52 29
73 12
65 72
54 97
97 15
34 38
8 52
88 78
39 35
16 86
76 49
3 15
73 19
75 15
30 72
54 29
36 71
81 9
74 12
70 68
42 72
21 65
30 31
58 95
61 40
1 72
36 11
43 37
87 71
61 18
33 34
21 14
91 75
60 70
58 62
23 86
36 14
6 44
56 49
40 3
24 67
91 44
54 3
33 32
45 77
5 68
97 44
61 44
58 10
21 20
69 62
54 11
41 31
99 94
45 21
1 75
59 22
54 85
23 68
37 94
3 44
6 55
43 42
48 78
45 55
24 31
4 90
46 79
8 88
56 65
9 65
55 31
40 97
82 79
25 27
56 20
1 24
36 88
66 88
7 38
33 59
17 48
39 10
91 94
24 11
80 92
34 57
92 3
63 25
88 19
91 78
55 78
47 45
56 22
3 75
37 75
100 330 83
89 88
18 68
78 24
31 41
41 70
48 59
27 51
94 27
97 76
90 55
2 75
94 44
83 70
42 51
28 2
94 43
60 85
32 33
9 84
90 55
49 38
30 73
57 24
31 61
26 7
53 64
58 21
88 68
35 25
38 2
94 88
71 12
83 43
49 5
59 64
50 99
12 61
91 16
65 64
41 51
84 70
84 85
30 68
86 8
67 96
46 4
9 36
92 25
70 81
66 4
15 4
84 93
31 5
84 88
55 81
63 61
94 14
42 31
28 5
12 89
9 84
49 32
46 100
98 78
55 11
34 8
5 93
11 75
97 74
40 75
80 60
84 88
38 14
31 14
93 51
44 37
91 10
12 90
11 33
47 96
49 31
3 70
60 7
63 32
34 43
75 33
60 54
13 77
91 92
84 8
82 89
59 64
9 44
42 39
41 8
9 5
5 51
94 60
44 72
22 66
40 55
11 28
86 61
90 61
43 88
42 5
40 28
42 11
39 89
11 33
71 82
11 86
27 51
71 61
19 91
63 54
89 8
27 14
35 59
80 12
22 50
27 81
31 43
22 58
41 54
97 25
3 63
94 80
57 35
91 10
90 51
45 1
48 69
63 27
72 81
83 28
44 8
59 74
34 27
64 4
46 65
49 11
82 14
24 62
31 90
67 96
26 85
18 87
28 51
70 85
6 100
80 61
67 96
56 1
31 81
69 95
36 51
17 22
20 99
46 16
59 25
47 66
47 50
85 81
80 54
83 39
31 38
100 16
42 84
6 97
88 91
78 97
69 1
83 60
18 4
2 41
87 25
49 14
73 74
15 52
18 53
59 64
12 63
10 64
40 7
89 43
56 24
88 79
15 16
58 59
48 65
19 16
20 21
20 24
30 95
11 3
49 84
88 66
90 11
6 79
83 51
79 16
47 35
31 28
1 50
57 13
6 77
69 66
72 88
84 86
20 64
73 99
30 52
88 76
71 28
48 4
3 14
79 76
78 87
73 100
92 69
92 16
45 78
13 87
26 81
42 12
45 58
35 24
52 77
10 65
64 74
69 16
3 54
65 62
92 46
65 50
20 16
45 22
48 100
86 43
50 74
70 54
15 62
46 20
45 18
97 64
48 24
10 50
49 12
38 39
28 63
93 33
47 74
17 65
36 61
47 52
66 1
48 79
15 62
18 25
46 22
31 9
30 16
24 64
48 68
5 54
36 75
72 93
17 66
66 79
45 15
91 100
58 64
71 2
91 13
67 1
91 22
88 22
24 74
66 62
100 25
53 4
47 25
52 77
78 66
69 59
9 72
84 43
69 74
94 32
58 76
6 66
92 13
18 100
98 35
39 27
26 14
45 52
9 32
45 52
27 87
33 78
42 66
49 19
3 92
55 43
2 66
5 64
28 6
42 98
11 24
41 21
40 28
40 47
75 27
40 41
90 27
60 13
71 11
63 56
35 21
94 53
7 76
5 30
3 63
84 99
43 18
5 10
19 46
5 33
100 330 4
89 95
34 45
16 52
78 72
79 29
51 59
79 59
17 64
43 30
94 80
79 72
38 77
43 44
66 60
67 72
1 91
49 33
36 29
46 36
54 46
57 51
21 14
4 88
44 18
34 87
21 43
41 16
70 19
54 33
53 10
30 80
74 45
57 27
52 96
38 80
18 83
89 94
47 31
4 42
44 67
78 47
5 43
30 24
7 69
67 65
24 61
73 29
42 67
95 78
57 77
22 26
37 85
5 98
63 40
43 36
27 36
33 82
30 100
54 40
73 59
44 67
69 47
42 44
94 18
59 100
92 87
46 27
36 18
94 18
71 25
76 24
44 98
33 37
66 26
40 83
67 14
4 5
54 25
33 58
78 61
30 72
42 63
7 18
95 83
53 91
100 93
30 38
63 36
37 52
47 56
31 18
32 80
54 46
71 46
28 64
36 33
36 100
13 96
66 9
93 33
42 27
54 32
9 16
20 16
74 97
23 50
69 83
42 30
94 72
8 99
7 90
27 61
27 29
63 93
27 80
4 94
21 18
76 24
95 93
79 24
74 84
41 35
31 18
44 100
86 58
57 72
37 68
11 19
27 95
47 77
73 38
32 69
57 47
24 29
76 14
41 10
46 98
89 18
28 81
4 46
72 59
46 40
49 38
25 33
53 6
54 7
71 88
4 100
76 73
4 21
86 91
97 64
22 52
47 59
52 81
87 39
19 17
83 77
74 37
70 6
97 39
28 35
52 91
20 45
41 39
20 75
10 45
25 90
6 81
97 3
23 45
79 44
12 99
33 74
70 41
82 58
95 43
40 67
10 50
66 41
55 2
13 28
57 30
70 15
33 53
6 35
58 39
34 17
89 5
97 13
11 26
53 99
33 34
99 50
8 13
97 81
76 65
53 45
66 34
41 10
3 50
82 68
70 17
21 80
54 18
73 29
87 39
15 3
78 14
34 19
48 3
22 84
37 75
82 84
6 50
86 84
61 18
42 7
41 58
12 53
66 48
16 26
8 10
66 13
74 1
22 39
70 10
62 26
59 93
26 96
43 29
98 38
62 41
41 11
1 11
10 50
34 19
23 81
76 78
53 86
19 96
7 80
3 39
47 93
19 35
60 16
7 94
94 90
62 26
70 82
82 10
5 77
99 13
92 64
66 84
62 99
51 25
41 3
44 100
55 10
48 82
97 48
85 60
33 17
67 47
97 96
99 3
33 19
21 80
76 83
15 92
48 1
88 98
82 84
37 64
53 26
4 90
94 29
34 50
22 91
6 92
60 75
47 59
41 75
75 91
23 2
97 10
70 23
44 80
99 35
12 15
99 13
57 43
53 64
21 18
20 68
37 52
12 50
45 39
33 84
24 65
85 22
51 91
79 32
51 44
5 28
21 2
70 64
56 100
29 60
92 87
98 60
21 5
20 53
79 92
44 70
89 33
27 13
71 61
54 81
66 45
79 77
98 97
24 28
93 82
95 33
18 17
27 38
40 26
95 17
100 330 99
74 97
49 1
82 6
79 25
20 56
33 19
69 98
85 4
90 28
40 83
17 28
48 78
69 49
17 15
99 76
86 7
99 98
66 16
33 1
93 16
10 82
13 3
91 56
69 1
57 91
49 91
51 44
46 86
68 42
17 64
64 50
80 73
54 16
65 60
54 6
49 28
65 23
70 77
68 12
81 3
92 76
99 37
77 1
14 95
13 29
63 97
69 48
84 20
90 6
36 48
82 44
100 32
99 48
75 38
48 76
5 19
98 57
54 20
71 84
77 63
36 84
74 80
84 28
10 36
94 29
2 54
63 33
17 49
7 39
10 57
54 17
73 91
75 74
65 27
20 66
68 32
62 22
62 39
10 54
92 20
81 45
99 70
97 56
54 63
5 48
38 9
51 82
97 73
20 50
80 76
74 16
7 29
43 55
6 73
5 97
24 15
34 30
48 19
40 45
24 15
74 48
10 76
92 66
90 19
97 48
6 9
82 76
58 43
70 73
2 84
62 13
18 59
63 24
53 23
92 16
70 90
2 88
97 19
5 71
92 20
1 56
34 87
2 57
59 25
70 24
85 49
71 78
100 62
33 73
75 97
33 20
87 60
75 92
75 33
99 64
46 45
77 66
98 48
13 29
22 42
17 76
1 57
38 5
96 30
77 82
57 73
51 28
17 16
79 35
86 11
94 45
81 67
70 20
53 30
26 53
22 25
71 19
79 96
12 87
100 83
59 43
40 30
50 11
26 68
13 43
99 19
98 73
94 14
86 47
10 74
5 44
50 45
96 27
46 94
79 61
61 94
4 56
84 20
18 55
31 72
22 3
18 11
71 84
57 37
100 34
35 43
61 21
100 25
26 18
13 43
77 73
80 28
76 28
100 43
89 55
14 29
47 67
7 25
89 27
26 32
25 67
36 54
95 30
20 76
47 23
29 55
68 13
36 33
84 6
41 23
86 39
54 77
79 43
38 1
36 63
100 7
88 48
18 60
64 50
64 6
42 8
7 83
68 8
86 96
87 83
23 55
29 27
64 56
68 22
79 52
62 87
25 8
30 43
30 31
20 6
69 44
39 8
96 35
2 91
35 31
2 76
79 81
93 76
79 45
35 43
86 35
59 61
62 94
68 31
39 14
53 65
40 100
100 81
34 39
51 97
89 11
96 22
46 83
62 96
100 68
90 80
47 25
88 97
93 84
14 11
46 7
13 58
9 76
100 35
43 23
100 52
26 14
59 87
53 23
59 45
32 83
74 37
63 48
53 89
83 8
7 58
32 23
40 39
41 81
46 67
94 60
3 11
68 45
30 31
100 30
35 8
99 17
32 96
59 23
26 21
47 25
34 27
36 28
13 95
59 60
69 90
77 87
1 14
14 81
7 11
40 8
20 32
5 37
40 41
85 82
88 25
32 21
59 43
1 44
2 40
9 61
62 39
64 41
98 39
38 83
32 95
12 59
56 3
62 22
92 46
71 15
93 58
70 74
33 66
56 50
100 330 52
3 90
5 18
87 6
57 90
65 7
87 6
3 47
77 12
91 62
27 63
34 40
66 40
69 49
87 2
6 94
19 49
56 59
19 26
57 53
52 25
4 55
54 2
82 63
21 84
66 87
24 18
63 55
36 32
63 70
36 53
44 9
69 32
28 75
2 8
79 4
19 57
36 53
51 2
21 72
32 87
91 6
39 51
50 60
33 47
82 47
48 51
57 53
16 41
91 68
91 62
45 95
84 56
87 14
71 14
38 87
44 20
57 62
33 51
91 51
27 25
48 71
52 3
44 12
21 97
38 68
100 37
51 78
71 55
91 43
49 93
45 97
9 83
88 11
100 39
30 14
54 57
84 86
100 6
81 11
63 4
64 55
38 6
48 3
64 40
54 40
87 68
63 37
91 47
91 15
64 62
100 2
40 70
34 94
91 68
96 5
31 54
30 94
33 70
6 55
37 55
24 83
53 55
79 71
82 68
37 43
20 17
9 1
3 40
11 85
90 78
4 49
77 86
82 38
3 2
31 64
39 14
82 23
92 83
62 94
79 78
65 29
73 67
82 23
90 2
64 47
100 73
76 24
34 26
57 26
15 51
77 58
88 72
52 15
37 55
4 94
37 30
10 45
31 70
42 29
84 75
91 8
52 69
48 40
19 62
79 27
38 43
19 2
43 8
52 90
83 86
92 97
57 14
88 86
58 85
10 56
89 60
63 37
81 60
12 99
67 90
65 5
92 59
20 28
45 5
58 98
80 99
10 17
81 22
35 22
41 18
80 7
77 93
81 61
92 84
82 91
68 8
61 83
50 45
35 97
57 8
51 25
20 61
66 43
77 98
49 29
21 9
27 62
100 90
1 7
81 85
96 7
33 49
82 53
46 97
20 7
11 61
48 34
1 56
13 50
81 60
88 95
74 18
16 86
49 12
84 85
95 86
5 29
49 22
63 70
36 78
99 18
20 28
58 72
69 54
20 88
46 41
53 70
44 61
98 99
27 66
33 32
20 12
74 29
24 92
52 27
32 67
37 14
83 7
77 22
9 93
76 88
58 35
56 7
52 54
49 89
1 24
35 61
28 29
53 47
65 11
64 34
24 97
72 22
44 61
74 86
17 99
46 72
24 83
73 34
69 8
35 75
57 2
44 29
46 45
65 99
6 3
33 26
60 75
28 18
50 9
65 28
19 40
50 24
12 24
20 45
48 71
93 41
72 61
96 29
9 42
31 25
50 58
81 85
83 85
5 59
42 86
69 33
81 5
49 9
37 68
7 97
9 99
28 72
21 12
50 41
61 59
62 47
28 74
89 74
49 84
20 83
81 56
44 72
79 31
41 97
58 42
24 11
96 85
84 7
65 77
70 94
53 25
57 72
73 39
81 80
44 9
87 56
68 97
10 59
34 46
64 14
33 25
60 7
74 97
16 99
52 64
27 81
82 86
6 41
39 98
34 81
69 85
79 11
19 11
34 42
73 14
21 95
73 44
31 66
66 87
100 330 84
27 57
99 33
87 28
99 16
84 19
26 86
68 47
78 46
31 86
38 59
10 70
83 97
19 88
5 37
87 88
28 44
65 71
46 97
69 95
46 70
78 100
9 23
35 58
88 100
40 12
44 36
48 6
87 78
58 92
70 45
39 72
87 63
35 30
87 69
83 92
17 88
47 8
54 3
62 81
76 22
1 37
30 97
81 32
78 1
87 25
68 5
58 92
1 21
21 15
17 2
2 15
84 58
38 37
88 51
25 36
19 37
17 70
78 59
27 75
81 10
44 70
90 93
76 18
57 79
81 7
10 59
54 49
62 61
92 55
64 36
88 45
10 59
16 77
2 69
66 93
84 61
36 55
28 14
99 96
98 77
14 88
47 59
65 93
15 55
39 8
46 45
84 44
55 43
84 61
72 59
84 1
68 21
64 92
93 80
85 95
65 98
64 97
58 63
3 94
76 93
78 46
35 59
85 8
35 5
93 60
28 64
25 17
40 65
87 25
29 71
14 43
85 69
55 54
14 97
7 95
26 76
14 1
58 21
32 20
51 21
62 43
87 55
28 92
85 45
87 30
67 22
21 43
23 80
70 54
38 39
18 29
28 63
7 100
40 77
32 100
2 95
61 1
14 45
69 37
68 78
63 97
18 42
58 47
81 100
85 43
30 72
26 24
38 2
65 57
8 100
9 65
99 73
4 90
98 50
18 33
34 82
31 89
47 69
79 71
54 50
41 33
66 76
76 50
54 12
67 23
75 53
39 95
30 69
98 93
75 82
88 55
89 90
91 3
90 41
5 8
74 77
97 21
10 69
9 16
40 60
9 24
34 71
49 50
91 26
76 41
83 70
67 34
13 41
26 57
23 90
9 99
93 80
35 100
27 12
76 50
57 73
14 46
26 18
13 24
94 22
22 52
71 52
4 13
25 69
68 81
98 96
34 80
74 33
24 71
42 94
4 99
64 63
69 54
12 11
54 27
65 12
3 42
76 27
61 19
83 97
3 11
61 63
4 57
65 11
30 14
66 33
71 11
91 60
96 57
80 41
35 43
10 95
17 38
13 24
9 67
81 70
91 96
76 80
65 3
54 4
35 92
42 60
54 60
17 85
4 11
35 30
10 55
16 71
49 98
67 65
83 32
40 57
87 15
49 41
16 79
94 79
90 41
73 82
54 48
66 4
58 100
48 52
66 80
60 12
34 27
23 6
66 57
49 24
3 53
99 77
48 90
48 24
35 45
76 56
14 88
24 52
86 41
57 60
40 52
57 71
61 36
99 16
9 24
26 82
48 23
99 12
91 42
72 37
35 32
61 78
90 79
48 90
35 51
98 79
86 77
40 77
98 27
4 60
9 60
3 12
14 88
10 32
17 99
1 13
61 20
21 22
40 6
22 73
77 52
32 59
63 16
61 80
62 36
68 47
68 5
46 93
2 66
54 48
59 22
61 10
86 41
34 53
31 3
63 74
3 33
81 57
97 43
5 48
69 89
70 18
100 330 40
36 84
27 13
84 82
28 82
94 25
76 54
100 58
5 82
97 19
83 8
15 88
78 6
72 8
24 41
37 5
5 82
34 47
1 47
69 83
32 41
44 32
32 63
40 88
28 24
32 28
22 81
49 60
1 7
4 7
89 13
1 89
36 88
70 13
78 63
93 51
69 89
1 28
57 67
89 8
82 13
69 83
97 100
14 90
39 77
5 70
5 41
58 63
28 7
66 58
39 20
72 47
85 75
61 33
20 27
28 16
40 58
29 68
21 14
95 50
22 12
8 57
97 37
73 26
84 58
55 24
32 18
1 47
40 72
5 7
9 63
92 42
1 47
73 76
39 63
99 87
17 55
100 17
78 72
32 37
69 4
47 13
47 82
94 54
67 90
4 7
41 7
34 77
16 13
22 12
41 88
39 27
11 85
15 27
47 7
28 41
14 67
39 58
22 61
89 75
1 7
55 70
66 41
11 4
100 16
20 27
36 83
1 7
81 51
10 31
34 4
56 90
12 95
2 82
93 30
3 80
40 63
37 13
82 77
86 67
39 46
55 72
2 4
20 63
40 24
20 46
5 23
34 88
3 67
7 8
97 41
74 48
44 58
27 13
47 8
37 82
71 77
44 85
44 46
73 30
65 95
9 83
11 83
69 18
39 75
2 78
10 48
40 39
45 31
40 83
47 88
57 49
78 9
60 31
97 46
76 74
12 45
97 66
16 7
32 1
52 31
73 54
53 48
94 92
25 73
65 87
94 90
99 67
68 42
26 80
3 59
99 76
18 88
94 68
99 79
65 90
39 55
86 67
25 79
38 59
59 86
14 90
92 99
25 54
74 21
3 50
96 21
33 76
12 59
92 38
66 4
33 98
92 74
25 62
37 19
94 33
73 98
59 79
92 74
20 37
1 24
94 99
61 3
22 38
96 64
22 21
87 51
100 32
45 49
65 26
33 49
92 64
56 64
73 79
33 81
34 6
60 50
3 21
81 90
1 4
33 79
33 54
3 14
23 58
40 18
88 75
42 21
26 54
94 64
37 84
99 74
94 98
28 4
45 81
57 74
94 74
39 78
81 60
29 57
54 87
68 86
53 73
73 87
52 43
24 16
12 86
65 59
55 88
92 91
98 67
8 92
36 82
92 81
30 48
99 95
65 64
20 9
34 8
29 42
38 91
93 3
81 48
92 79
32 36
33 76
93 50
73 31
89 23
5 85
74 21
46 82
54 21
36 23
99 45
59 10
29 31
95 21
95 33
60 87
44 27
96 52
60 80
76 21
20 4
66 88
73 31
8 92
96 50
26 49
38 86
61 87
92 64
68 38
93 49
52 31
33 14
26 90
70 83
23 16
99 73
68 64
43 67
11 84
55 62
35 99
93 91
40 6
95 93
85 98
69 51
12 61
70 77
20 86
46 79
69 78
84 80
78 94
95 30
28 45
55 67
10 62
23 56
58 75
66 18
9 58
48 52
83 53
40 91
71 99
4 91
97 4
100 330 73
73 87
77 59
10 57
18 57
70 51
61 88
96 47
79 53
38 93
24 86
48 2
73 47
70 51
51 65
9 88
13 23
70 29
60 75
92 21
97 32
7 72
75 47
46 12
78 83
57 28
53 71
84 92
89 68
2 63
87 28
31 37
59 98
78 42
7 28
20 41
33 96
71 63
33 81
22 91
13 33
69 66
46 94
46 63
87 84
1 71
72 29
73 65
94 75
60 63
93 35
17 28
45 98
46 61
16 12
81 17
96 48
18 63
57 86
34 6
87 88
57 76
48 92
60 51
2 38
40 71
44 65
56 30
40 29
9 75
13 33
87 86
14 98
97 28
61 63
86 63
9 94
22 43
81 32
6 98
50 40
94 28
50 86
89 76
96 10
44 1
58 100
70 86
5 92
15 91
1 51
38 95
68 84
7 47
10 53
39 42
52 39
17 97
13 32
16 53
96 29
31 43
7 68
48 75
96 47
89 68
32 28
23 9
52 39
45 30
35 59
85 8
13 47
16 71
40 63
46 71
70 50
47 32
84 28
19 37
82 98
68 47
57 47
94 28
36 77
13 21
23 89
24 50
96 97
72 17
33 47
7 1
11 35
46 88
13 32
53 47
87 12
81 28
84 32
72 28
60 68
89 75
23 32
33 79
95 67
61 76
96 75
5 12
96 92
70 29
29 97
74 91
19 49
22 62
95 93
15 37
77 80
34 98
58 8
83 85
81 29
95 25
78 66
67 34
20 64
45 83
19 8
44 46
100 19
35 42
26 80
100 59
22 77
15 74
93 43
93 43
77 83
95 85
16 84
27 55
20 19
72 88
52 41
38 58
78 34
38 11
64 43
93 98
9 21
45 54
74 26
35 66
3 36
3 27
91 55
78 64
53 84
26 8
11 4
61 89
1 29
2 75
67 91
54 80
15 62
36 69
13 38
58 4
80 85
48 63
90 69
74 25
95 98
15 100
50 48
45 80
88 40
83 6
56 99
90 74
100 85
52 42
44 13
38 25
26 34
72 51
22 93
3 43
12 84
15 14
45 43
42 6
39 42
38 42
36 66
44 51
82 93
69 55
3 78
93 6
58 31
96 75
22 54
34 41
58 8
66 43
62 6
45 69
89 94
36 6
70 47
3 78
43 34
59 99
88 12
31 6
33 40
27 52
69 49
31 41
67 58
39 41
58 39
24 92
14 30
35 85
82 100
20 4
67 37
87 94
73 71
20 11
38 11
58 14
73 79
54 34
74 35
93 49
61 94
20 64
20 83
56 19
90 43
18 47
99 34
27 90
78 45
95 8
45 14
60 96
69 39
5 71
15 59
59 49
3 43
93 34
3 25
20 34
15 98
27 8
16 10
23 100
13 59
13 38
22 74
88 59
5 43
38 26
64 35
50 67
84 78
51 53
38 3
100 77
40 47
17 58
72 89
10 71
2 37
96 91
82 19
68 53
23 95
90 91
25 6
73 25
61 49
62 98
7 15
68 85
97 78
100 330 65
99 56
15 49
99 49
64 94
28 46
62 71
77 68
38 51
62 41
47 10
83 29
38 72
72 31
43 92
37 3
52 72
35 95
78 14
71 33
16 93
4 55
69 76
78 12
38 53
47 21
37 76
52 10
31 56
85 30
64 40
57 71
35 47
77 85
4 39
90 94
75 36
79 74
99 61
1 15
41 79
42 41
6 74
85 60
42 69
65 38
77 2
52 76
99 68
31 74
53 56
80 87
96 27
9 89
1 10
14 43
65 37
32 93
65 21
99 87
80 30
24 67
47 74
80 41
33 6
72 71
72 87
49 36
53 36
23 67
82 96
35 53
35 3
86 96
53 56
75 10
64 94
20 37
88 56
77 10
11 82
53 10
2 95
42 53
71 30
96 21
86 41
57 41
77 37
79 6
73 22
74 94
79 60
27 95
61 60
34 92
20 3
11 6
80 53
51 68
35 68
75 61
52 42
61 49
37 3
35 30
21 60
52 72
46 81
82 72
69 33
72 10
53 61
13 67
77 76
37 56
90 7
75 79
42 85
74 16
38 30
42 56
38 56
99 42
47 79
41 60
51 21
64 66
15 61
26 81
37 3
65 82
36 6
31 96
80 51
27 36
59 97
77 41
82 56
42 53
57 49
63 19
17 95
35 74
44 81
77 53
96 3
11 38
52 69
42 71
85 3
3 68
55 44
50 100
34 91
45 54
18 98
88 62
16 8
32 9
90 59
52 74
44 8
19 18
24 39
19 67
46 39
16 8
73 50
18 64
100 94
94 40
32 13
64 100
24 93
55 26
65 72
43 39
59 64
98 39
74 8
100 93
44 90
46 43
23 5
57 85
57 31
46 12
14 91
13 93
17 51
81 7
34 25
3 36
9 81
22 5
5 97
66 24
58 67
58 46
22 40
46 98
25 45
20 33
73 40
13 93
98 16
50 84
80 61
46 64
32 84
46 26
55 84
66 100
67 29
100 40
13 26
62 79
63 93
59 29
4 93
93 39
25 91
100 40
59 29
93 81
26 25
83 16
26 67
95 74
82 17
46 50
86 72
13 84
91 94
66 97
50 8
35 30
75 31
14 7
83 19
30 68
83 18
73 19
93 8
38 20
59 39
82 87
42 3
55 97
46 25
54 12
83 54
59 19
64 84
48 89
39 48
43 89
63 46
96 2
98 100
40 7
57 80
47 62
4 16
100 81
14 89
58 54
59 43
25 54
18 98
14 91
16 67
18 23
94 97
26 98
45 7
34 63
100 67
9 8
88 96
27 36
50 40
79 33
44 59
28 97
18 50
52 74
50 81
59 40
74 93
52 20
16 5
25 100
24 97
42 6
100 29
64 54
18 94
91 94
45 39
71 58
18 84
26 92
84 5
37 63
30 59
72 63
47 8
86 12
99 96
21 63
87 67
15 96
44 14
30 5
85 96
87 100
90 26
69 24
75 96
35 42
45 29
27 94
15 41
83 55
82 96
20 83
71 91
46 45
77 68
100 330 83
30 89
97 47
78 68
68 37
65 9
6 61
50 9
36 31
6 61
38 71
71 82
91 89
65 45
28 61
5 70
46 93
1 65
50 6
50 28
64 6
67 16
67 16
73 63
33 97
17 93
71 9
15 16
83 21
50 58
68 61
74 80
100 21
88 31
66 63
79 57
91 36
94 48
85 82
36 75
17 80
94 89
35 43
6 28
38 3
50 55
12 19
18 32
79 45
37 60
41 51
45 57
71 10
94 3
23 40
67 31
25 42
84 75
48 31
52 10
10 14
68 62
64 68
53 37
17 87
6 89
97 26
55 75
78 72
50 58
100 84
11 71
79 15
89 9
38 10
52 1
36 84
1 75
67 100
55 28
52 55
22 33
30 3
62 82
78 72
72 52
10 14
67 27
33 80
38 82
83 15
90 5
52 89
48 9
78 31
64 10
49 55
85 55
4 54
11 21
30 79
53 71
10 31
6 88
75 14
53 89
48 9
1 50
13 82
4 26
64 11
100 9
38 45
91 99
57 60
79 16
72 6
91 11
5 66
94 62
50 82
1 99
67 6
17 34
65 13
64 58
45 28
28 10
13 28
13 31
78 85
58 71
89 24
71 89
83 61
71 84
79 36
37 89
79 16
78 48
78 58
78 38
45 14
10 31
3 88
22 54
34 8
6 84
5 95
70 2
79 28
31 23
41 51
99 89
29 42
33 40
7 19
49 14
81 47
90 74
95 12
72 15
20 63
7 44
77 8
87 56
5 74
43 47
39 87
12 19
40 42
81 35
87 12
99 88
35 98
33 2
22 26
41 39
50 36
73 74
95 43
83 27
25 74
43 42
7 86
85 91
81 76
59 77
70 8
12 96
78 65
5 8
98 18
31 34
5 20
7 93
25 44
35 46
80 8
44 95
6 57
15 36
66 93
12 63
35 47
35 2
4 32
86 42
70 95
43 80
90 47
7 86
20 63
74 33
7 63
74 96
44 33
48 16
59 32
8 26
81 35
38 85
34 97
30 53
43 93
30 55
33 42
31 69
5 86
83 58
22 93
5 92
25 54
56 80
40 97
90 66
50 10
90 51
17 87
81 35
98 76
70 59
57 31
29 33
22 92
62 36
59 8
77 40
87 32
40 26
98 19
20 42
90 80
63 54
72 53
90 70
25 69
17 19
74 47
38 58
95 40
17 54
39 76
20 19
98 32
62 36
12 51
46 93
29 47
80 26
70 42
5 19
35 43
31 54
52 85
39 63
8 47
56 96
25 40
77 33
61 10
11 10
73 56
77 87
57 88
43 54
33 2
35 80
50 21
9 57
86 92
100 28
41 70
56 42
22 54
5 23
5 76
59 63
86 59
7 12
41 66
98 39
10 47
45 12
65 5
96 2
68 46
13 22
71 86
95 23
65 98
93 51
30 5
38 93
75 74
85 31
93 19
38 49
21 32
65 61
73 70
85 24
44 39
83 52
14 2
84 22
42 32
65 98
62 21
32 51
41 74
100 330 97
48 19
32 22
36 37
10 17
4 28
11 27
79 12
56 83
14 32
6 99
66 16
66 52
68 74
24 77
67 39
89 37
93 17
46 35
98 52
46 4
88 25
77 52
46 31
2 94
21 39
38 93
45 4
2 23
2 21
94 93
65 9
53 1
38 55
58 34
68 17
97 2
51 34
65 67
25 22
80 73
99 4
3 74
28 75
34 74
6 39
71 42
34 21
68 34
65 93
54 23
76 69
88 47
13 89
77 46
82 40
51 46
10 52
48 20
39 71
32 15
17 58
54 68
84 77
54 3
88 15
29 80
29 38
78 72
24 7
21 52
66 85
2 54
10 34
96 75
65 55
3 73
14 40
10 34
38 94
61 10
93 17
2 23
64 69
66 3
61 34
43 52
61 71
38 74
98 55
94 66
30 75
37 15
54 67
22 72
16 42
16 42
55 31
60 88
68 34
54 44
54 53
94 71
58 16
97 86
94 68
80 73
68 39
9 66
37 40
43 17
80 71
29 7
93 23
60 30
30 72
67 68
34 52
77 67
81 78
45 85
65 1
7 71
86 28
69 95
23 31
51 3
29 55
38 35
7 68
93 7
49 70
46 90
9 38
6 9
97 53
67 16
93 98
41 22
43 67
77 17
10 23
61 45
54 38
13 36
30 72
91 20
55 35
96 18
38 66
70 37
49 62
33 60
78 40
54 90
81 27
28 95
62 25
79 40
54 45
57 36
75 59
45 23
30 47
70 22
82 25
87 26
89 32
30 95
64 100
7 98
24 61
36 75
22 50
88 40
35 31
64 19
29 54
13 41
91 19
7 10
67 21
86 17
91 59
41 26
14 8
70 30
65 45
18 95
77 73
27 92
13 83
56 8
78 47
56 91
89 40
26 48
79 95
36 72
36 37
30 40
8 47
86 52
49 59
87 8
60 37
36 20
83 12
49 33
79 47
63 18
15 59
66 1
100 48
57 78
6 29
13 62
46 80
56 59
26 83
91 32
60 75
26 20
99 28
11 20
30 92
81 82
9 31
88 30
20 50
57 63
88 75
51 71
68 34
85 16
60 30
57 36
11 19
57 25
25 75
91 5
24 39
87 76
41 36
78 62
28 40
29 4
51 4
37 30
28 41
70 72
73 35
57 36
23 28
96 12
37 18
100 60
45 1
26 48
14 41
100 69
81 95
38 52
41 37
30 12
69 47
53 4
77 31
41 26
60 15
56 91
60 59
39 71
25 47
46 52
60 36
87 36
56 12
14 18
51 24
57 49
89 8
14 19
5 59
33 83
61 55
9 53
32 72
100 91
56 5
29 7
53 80
14 41
13 89
14 91
30 18
66 80
91 59
56 40
47 72
48 91
64 47
14 76
17 81
16 34
1 41
13 22
100 95
54 1
93 46
40 5
2 43
80 48
4 20
23 71
62 5
33 89
54 89
6 96
31 37
16 22
9 39
53 44
21 70
65 21
64 100
7 8
94 7
10 60
2 28
43 78
100 330 46
87 32
95 37
87 35
46 60
46 11
23 58
95 87
26 23
7 45
93 98
23 13
30 71
82 55
20 41
53 76
35 56
77 13
69 20
11 82
66 91
64 5
88 20
100 49
2 84
17 57
77 97
22 14
100 63
95 26
51 20
21 4
81 92
23 37
11 75
86 70
82 65
86 75
83 82
62 96
90 1
23 58
15 30
77 30
55 13
64 75
87 97
82 28
66 24
7 75
1 37
84 39
53 52
45 58
68 56
7 5
46 26
72 12
66 17
90 69
7 94
86 13
90 82
45 26
90 65
36 94
3 91
31 27
72 91
82 50
61 81
64 26
85 73
51 56
19 49
11 1
95 50
14 24
36 20
25 62
64 32
41 73
97 16
50 45
82 56
82 86
35 73
84 77
7 23
50 55
100 29
50 73
22 42
95 7
46 90
54 27
68 65
83 13
21 41
19 22
85 28
53 63
85 39
66 12
83 86
61 49
51 26
2 60
82 1
46 28
69 21
13 56
18 1
21 58
49 14
32 30
68 28
83 50
100 80
88 23
2 70
88 85
7 97
26 65
82 68
66 99
88 60
97 28
3 62
2 50
38 33
50 71
69 16
68 30
20 13
98 24
63 24
90 5
85 37
15 28
50 55
50 56
68 26
18 75
40 8
33 12
76 89
77 26
1 65
22 89
24 10
63 27
26 97
100 72
1 75
78 48
33 98
6 67
61 22
93 22
100 31
34 29
63 31
56 98
62 99
54 44
53 10
46 73
48 27
12 8
23 5
9 8
79 27
100 12
72 17
3 98
19 9
93 40
99 8
45 86
63 52
100 8
85 20
1 73
38 47
98 29
61 14
43 8
49 33
98 57
11 30
60 5
78 44
47 62
54 98
90 32
19 40
25 31
53 76
34 74
61 81
63 54
90 85
79 42
72 9
50 26
100 29
36 55
58 13
19 52
66 93
34 27
78 29
7 58
14 63
84 1
43 96
66 31
25 92
15 13
78 10
29 27
56 34
33 10
54 40
91 57
90 77
3 93
39 56
73 70
79 89
51 77
81 10
47 27
45 32
66 34
63 17
56 12
85 28
74 96
49 63
43 17
6 47
33 9
49 89
7 86
61 27
80 34
77 73
78 89
61 34
32 28
60 1
77 39
95 2
4 30
9 96
38 42
34 9
78 89
79 29
100 43
38 59
19 44
35 39
12 8
6 57
50 58
76 27
87 30
79 59
85 69
69 50
34 79
31 76
49 96
49 57
12 43
22 10
53 9
48 40
48 98
67 42
80 31
93 100
49 81
34 57
91 81
90 56
53 49
80 98
54 9
21 30
22 10
66 34
71 56
67 59
98 59
79 89
31 59
35 77
38 9
36 21
94 19
51 99
56 22
85 49
70 62
93 80
32 67
28 81
84 59
94 16
60 21
78 72
6 43
79 24
2 15
11 49
95 2
36 5
70 44
15 27
97 73
35 34
51 44
15 39
45 3
1 55
24 92
87 69
100 330 25
45 8
1 24
48 77
95 94
21 44
65 52
60 16
16 29
86 81
85 87
57 3
89 57
50 3
96 40
79 56
11 81
25 53
96 93
58 88
45 83
96 81
79 3
34 23
31 66
37 60
97 37
31 54
83 54
25 97
37 40
63 95
13 8
84 74
21 90
50 3
41 17
13 56
92 77
25 29
70 13
98 46
88 95
100 7
33 78
1 63
31 40
48 9
74 77
1 34
48 90
13 66
45 22
20 54
3 66
11 31
60 39
7 88
1 98
97 13
93 74
55 42
98 87
84 83
37 68
96 100
38 3
10 19
18 54
18 77
13 39
32 85
21 100
25 8
20 9
53 84
13 99
86 83
76 56
63 69
22 3
11 67
60 90
40 90
59 86
37 92
21 93
67 40
20 9
22 39
97 51
67 31
54 9
59 86
6 69
15 26
86 21
84 39
2 95
67 83
28 26
71 92
93 29
59 54
84 38
16 76
48 99
59 43
37 18
83 40
71 20
97 93
7 95
11 57
18 9
28 46
77 100
93 29
31 38
18 93
16 39
37 66
37 39
6 14
48 16
79 89
99 9
55 4
32 63
45 57
99 76
48 40
16 39
70 51
51 50
96 66
5 33
40 77
22 93
1 23
25 40
70 8
83 3
77 81
41 26
48 20
86 56
99 60
66 54
25 9
45 38
34 64
63 14
32 6
62 28
58 46
1 4
41 27
63 64
63 19
58 1
72 23
65 1
75 69
30 75
53 83
10 42
91 78
98 27
30 69
42 12
82 24
58 80
7 55
86 56
35 78
15 4
87 34
95 78
87 2
15 47
83 90
64 94
1 35
41 34
52 14
10 64
100 1
57 43
71 45
61 23
58 23
1 47
19 42
67 92
6 78
50 74
25 48
75 64
14 69
46 64
85 2
32 35
75 47
100 61
37 89
100 52
15 6
35 10
86 68
19 4
70 51
15 55
48 44
4 64
45 53
72 65
65 10
15 41
52 46
80 75
72 75
63 19
69 46
80 24
55 78
85 34
11 56
11 48
83 68
32 33
77 56
15 85
32 5
49 55
42 95
30 94
62 91
62 4
59 21
6 47
99 100
58 2
65 7
42 2
70 39
45 56
74 77
33 80
10 27
58 95
34 26
22 76
65 4
65 34
11 37
15 47
63 64
58 85
19 73
28 27
6 36
69 24
62 46
100 95
65 85
15 33
63 82
19 47
80 94
63 47
82 75
36 95
64 73
72 12
61 85
86 39
59 53
31 48
92 39
57 81
42 26
19 23
72 34
67 48
49 95
100 35
8 20
32 27
5 28
97 40
49 10
10 46
42 73
32 19
61 12
27 12
34 73
60 18
73 26
10 14
47 26
70 57
92 24
51 34
62 36
82 46
21 18
67 68
11 35
53 40
87 73
5 73
16 92
8 55
20 40
74 2
79 90
91 17
40 77
90 47
50 87
22 74
51 38
41 91
79 89
42 14
27 24
28 95
86 43
87 78
100 330 44
55 89
63 27
44 96
81 57
90 58
63 100
44 34
44 66
3 17
1 29
76 30
21 68
32 16
14 94
73 61
52 96
98 64
47 38
56 10
44 86
95 39
62 89
85 56
29 69
68 48
41 90
19 96
56 71
14 34
44 5
17 89
44 13
28 56
66 90
20 22
93 96
63 90
53 7
12 70
21 20
28 69
37 30
72 92
72 92
84 94
53 96
98 86
53 5
44 34
91 89
73 32
95 87
27 87
34 87
41 87
23 61
79 70
7 17
86 90
92 3
75 95
79 88
18 89
95 35
9 100
92 86
78 90
75 7
86 5
53 75
27 19
15 58
33 82
63 96
17 45
37 83
53 91
40 90
7 13
25 37
4 27
15 35
53 97
47 38
41 58
4 91
72 15
40 54
14 42
93 91
55 45
96 90
51 22
57 100
19 52
78 17
81 78
15 18
33 69
27 62
99 45
86 18
95 52
41 99
81 41
5 100
86 57
72 42
84 100
71 31
41 3
57 35
93 13
92 54
34 15
26 70
59 55
74 88
62 19
14 95
19 89
66 53
21 76
75 78
72 34
98 95
85 48
53 54
90 39
92 87
28 12
29 31
15 87
72 94
63 92
94 37
53 89
52 96
18 58
13 94
93 59
35 94
27 15
65 30
50 31
7 91
72 9
33 26
34 5
78 64
8 1
10 88
27 87
59 52
25 71
8 29
83 20
66 19
65 1
31 70
63 93
33 69
96 100
28 22
88 11
61 10
24 26
32 30
85 24
50 47
76 46
20 12
50 82
50 32
37 21
21 30
29 11
8 85
7 62
81 90
51 46
99 97
85 74
6 77
37 32
33 24
43 31
81 52
94 26
85 24
25 56
76 88
36 82
1 79
8 29
6 33
79 43
21 1
23 22
64 94
50 82
80 22
33 11
28 30
25 46
8 73
28 74
93 34
36 21
33 31
36 61
96 35
93 98
8 30
51 79
46 12
50 32
21 47
41 54
65 32
83 20
75 19
73 10
21 71
51 60
91 42
62 52
44 39
65 11
60 29
38 16
37 2
92 97
47 76
95 5
49 12
63 98
88 31
49 31
85 73
65 47
5 39
69 43
73 48
96 57
2 11
94 46
21 1
79 70
6 74
81 5
32 31
52 90
28 70
88 67
50 16
23 69
94 28
10 69
23 76
37 1
1 26
47 26
28 1
2 11
33 20
94 21
78 95
65 47
59 89
28 79
2 43
11 22
60 29
75 86
95 5
84 58
85 67
23 24
82 31
75 54
44 57
56 48
81 95
2 22
38 88
90 17
73 30
6 71
6 74
19 45
10 11
71 82
82 67
51 77
27 98
41 5
78 86
32 48
46 31
38 10
90 60
66 99
8 49
40 15
93 33
55 37
81 13
41 37
38 29
17 37
58 38
60 83
15 90
9 32
57 50
59 90
52 24
31 22
57 77
64 56
14 55
19 74
35 88
37 47
63 91
79 30
7 29
83 67
87 84
100 400 27
27 15
27 15
27 15
7 98
27 15
27 15
27 15
27 15
2 67
37 91
45 68
27 15
24 26
27 15
27 15
27 15
27 15
27 15
27 15
26 49
27 15
27 15
27 15
27 15
27 15
27 15
27 15
27 15
27 15
27 15
98 82
27 15
27 15
27 15
27 15
27 15
27 15
27 15
27 15
27 15
27 15
27 15
27 15
21 3
27 15
27 15
27 15
27 15
46 66
27 15
27 15
17 63
27 15
27 15
27 15
27 15
27 15
27 15
27 15
27 15
27 15
27 15
40 5
27 15
27 15
27 15
27 15
27 15
97 41
27 15
27 15
27 15
27 15
19 67
7 5
27 15
100 36
27 15
27 15
27 15
27 15
27 15
27 15
27 15
27 15
27 15
80 19
27 15
27 15
27 15
27 15
27 15
35 29
27 15
27 15
27 15
27 15
27 15
27 15
27 15
27 15
27 15
27 15
27 15
27 15
27 15
32 78
27 15
27 15
27 15
39 89
27 15
27 15
27 15
27 15
58 59
27 15
27 15
27 15
27 15
27 15
27 15
53 85
27 15
27 15
27 15
97 41
27 15
27 15
27 15
27 15
27 15
27 15
27 15
25 87
27 15
27 15
27 15
98 95
27 15
27 15
27 15
27 15
72 9
1 13
70 39
27 15
27 15
27 15
27 15
52 66
27 15
27 15
27 15
27 15
35 76
27 15
27 15
27 15
27 15
27 15
27 15
27 15
27 15
27 15
27 15
27 15
27 15
27 15
100 59
27 15
27 15
1 96
27 15
27 15
27 15
29 36
27 15
27 15
99 53
82 64
27 15
27 15
27 15
27 15
27 15
27 15
80 54
27 15
16 13
27 15
27 15
27 15
27 15
27 15
27 15
27 15
27 15
27 15
27 15
27 15
27 15
79 38
30 95
95 56
83 91
94 89
91 59
57 67
27 15
27 15
27 15
78 69
27 15
50 97
27 15
28 54
98 83
78 59
10 23
57 53
61 35
83 40
27 15
82 84
38 85
43 22
57 75
8 97
40 55
92 65
61 94
68 26
94 62
50 8
27 15
47 34
95 43
46 25
81 31
35 47
94 85
24 28
49 3
87 43
27 15
25 71
1 68
58 84
27 15
51 33
75 95
83 94
11 93
98 31
27 15
2 50
37 65
77 60
34 53
92 100
21 95
38 76
46 96
71 13
2 74
32 10
28 85
45 79
27 15
1 50
38 67
32 87
27 15
71 69
27 15
12 80
7 73
48 9
5 89
23 3
27 15
27 15
7 86
27 15
20 100
27 15
16 89
27 15
77 95
10 94
75 52
27 15
83 8
10 62
81 53
5 8
40 39
26 76
75 84
99 13
88 97
2 93
20 4
51 65
16 1
19 3
27 15
27 15
37 89
37 29
61 84
29 92
57 72
46 20
25 11
51 33
73 39
68 43
12 8
51 86
97 4
11 13
32 60
51 70
61 39
31 36
19 4
29 9
40 50
13 67
27 15
35 69
82 65
18 30
27 15
79 93
7 80
12 67
25 97
26 4
58 72
42 56
34 36
38 22
27 15
27 15
53 43
51 43
27 15
36 94
27 15
78 68
12 78
27 15
11 87
23 48
52 90
92 43
10 38
32 5
19 3
30 41
14 22
83 62
57 30
61 56
30 22
31 2
28 95
27 15
64 40
75 53
27 15
27 15
16 90
69 74
51 1
52 89
64 33
45 16
20 4
27 15
18 35
81 7
92 93
16 18
27 15
42 35
31 32
98 96
32 48
27 15
52 8
32 95
86 49
57 29
34 100
33 76
28 87
100 400 82
75 39
82 25
82 25
82 25
82 25
82 25
26 88
82 25
82 25
5 24
82 25
82 25
82 25
82 25
42 40
82 25
82 25
87 29
82 25
82 25
82 25
82 25
82 25
82 25
82 25
82 25
82 25
82 25
82 25
82 25
82 25
12 20
82 25
82 25
82 25
73 46
82 25
55 62
37 65
82 25
82 25
82 25
17 10
82 25
82 25
82 25
82 25
28 60
82 25
82 25
82 25
95 27
82 25
82 25
82 25
82 25
82 25
82 25
82 25
82 25
82 25
82 25
82 25
82 25
82 25
82 25
82 25
82 25
82 25
82 25
82 25
82 25
42 5
82 25
82 25
82 25
19 77
82 25
82 25
55 18
82 25
82 25
82 25
82 25
82 25
19 44
82 25
82 25
82 25
82 25
82 25
82 25
82 25
82 25
82 25
99 10
62 22
36 3
82 25
82 25
82 25
82 25
82 25
82 25
39 14
42 88
82 25
82 25
82 25
82 25
82 25
12 89
82 25
82 25
82 25
82 25
82 25
82 25
82 25
82 25
73 21
82 25
82 25
82 25
82 25
82 25
82 25
82 25
82 25
82 25
82 25
82 25
17 8
82 25
82 25
82 25
82 25
82 25
43 22
19 73
82 25
82 25
82 25
17 60
82 25
82 25
82 25
82 25
82 25
82 25
82 25
82 25
52 91
82 25
82 25
82 25
82 25
82 25
82 25
82 25
82 25
75 1
82 25
82 25
82 25
37 84
57 90
82 25
82 25
26 51
82 25
82 25
82 25
35 40
82 25
82 25
82 25
82 25
82 25
82 25
82 25
82 25
82 25
75 92
82 25
82 25
82 25
57 88
82 25
82 25
82 25
82 25
17 4
82 25
49 46
57 9
82 25
80 69
82 25
82 25
80 47
82 25
100 26
90 23
34 85
29 79
82 25
39 13
75 5
56 61
76 40
93 18
82 25
2 51
90 13
82 25
96 51
22 81
13 32
53 61
82 25
67 7
82 25
75 7
65 49
82 25
45 81
47 10
63 81
17 39
6 93
13 16
43 42
49 38
23 99
41 70
57 65
82 25
42 12
63 20
35 28
39 95
57 87
82 25
82 25
82 25
37 78
98 34
76 27
93 47
83 73
26 5
80 40
99 30
17 58
82 25
75 88
19 60
6 96
17 31
78 74
100 14
92 4
94 33
41 11
57 30
93 47
19 26
82 25
79 88
64 41
52 72
52 68
78 13
57 22
82 25
17 61
65 35
94 55
14 89
37 35
82 25
63 85
16 51
50 15
73 69
82 25
100 74
93 85
82 25
67 20
6 3
5 13
43 64
82 25
77 61
82 25
92 58
2 32
82 25
61 60
23 13
78 11
54 59
75 99
52 40
82 25
82 25
44 15
82 25
80 74
36 46
35 36
92 51
49 12
44 73
100 36
64 28
47 26
15 9
82 25
82 25
31 81
55 45
82 25
42 13
82 25
28 3
36 30
48 59
36 50
82 25
82 25
49 70
50 51
26 38
28 88
47 32
34 95
82 25
53 29
97 79
42 48
35 15
45 14
54 20
10 32
82 25
86 64
94 11
99 12
82 25
63 83
57 99
96 79
52 13
98 90
35 73
43 88
16 24
82 25
33 31
40 24
12 60
21 11
54 39
63 40
95 49
82 25
33 24
87 91
98 31
67 78
57 30
43 90
4 46
29 32
82 25
93 18
57 76
67 14
49 8
56 70
82 25
56 92
86 53
18 46
18 46
18 58
15 70
76 30
5 24
82 25
41 15
76 68
82 25
76 26
69 70
87 51
82 25
100 400 51
51 89
51 89
51 89
51 89
51 89
51 89
51 89
51 89
51 89
51 89
51 89
51 89
51 89
91 97
51 89
51 89
51 89
55 49
51 89
51 89
51 89
51 89
51 89
51 89
3 35
3 46
51 89
51 89
51 89
51 89
51 89
51 89
51 89
13 69
51 89
3 20
67 11
51 89
51 89
51 89
52 32
51 89
51 89
51 89
51 89
51 89
51 89
51 89
51 89
51 89
51 89
51 89
51 89
51 89
51 89
51 89
51 89
51 89
51 89
51 89
51 89
51 89
61 57
59 64
28 77
51 89
51 89
51 89
12 92
5 43
51 89
4 62
51 89
50 35
51 89
51 89
51 89
66 34
82 75
51 89
51 89
51 89
51 89
51 89
51 89
51 89
51 89
51 89
19 63
51 89
51 89
21 4
51 89
51 89
51 89
51 89
51 89
51 89
97 79
8 97
51 89
51 89
59 86
51 89
51 89
51 89
51 89
51 89
100 95
10 86
41 17
75 43
51 89
51 89
51 89
51 89
51 89
51 89
51 89
51 89
51 89
86 35
51 89
51 89
51 89
91 7
6 37
51 89
51 89
51 89
51 89
51 89
51 89
52 60
51 89
51 89
28 37
51 89
94 43
51 89
51 89
51 89
25 1
51 89
51 89
51 89
42 57
82 15
51 89
51 89
51 89
51 89
51 89
51 89
51 89
51 89
51 89
51 89
51 89
51 89
51 89
100 54
51 89
51 89
51 89
51 89
51 89
55 27
51 89
51 89
51 89
51 89
51 89
51 89
51 89
51 89
51 89
51 89
51 89
51 89
51 89
51 89
51 89
51 89
60 70
51 89
91 41
51 89
40 74
51 89
11 35
51 89
51 89
51 89
51 89
51 89
51 89
51 89
51 89
51 89
36 8
50 28
18 35
14 69
51 89
71 44
98 70
63 56
66 1
51 89
98 59
51 89
85 74
46 35
40 99
55 44
47 54
90 19
53 79
50 45
52 94
97 93
51 89
66 48
87 74
71 44
42 96
25 4
90 68
61 28
50 43
45 59
51 89
68 20
13 37
81 85
31 94
97 44
82 4
51 89
64 35
51 89
21 3
51 89
51 89
50 90
51 89
92 16
36 23
51 89
51 89
51 89
51 89
9 11
99 64
40 95
12 74
62 73
71 37
51 89
13 21
99 43
29 42
26 16
17 68
51 89
30 69
8 67
51 89
76 79
92 16
51 89
21 79
26 57
81 79
51 89
53 67
82 23
19 97
51 89
38 93
100 23
90 79
51 89
66 69
66 41
78 45
51 89
51 89
36 72
40 64
69 62
40 49
78 73
50 18
14 72
91 94
51 89
65 94
51 89
93 73
72 1
40 47
90 18
38 5
33 34
51 89
18 59
22 44
23 17
51 89
51 89
49 44
51 89
61 33
75 97
52 68
45 7
53 21
54 96
98 39
5 27
4 44
76 1
52 2
51 89
51 89
3 28
13 27
8 96
51 89
71 56
66 76
75 73
54 87
12 46
79 86
65 74
13 14
51 89
21 39
25 58
25 62
99 19
54 44
26 93
51 89
40 81
47 92
6 40
6 55
51 89
51 89
39 29
6 85
30 65
56 20
19 43
51 89
99 2
72 100
22 70
77 46
57 16
99 33
66 100
72 4
31 35
25 20
30 23
75 54
51 89
31 39
22 79
51 89
24 64
33 15
33 34
38 48
32 3
2 19
51 89
26 91
69 7
12 11
90 80
53 92
100 57
98 18
82 84
96 7
27 37
22 80
52 53
82 38
14 64
13 16
51 89
88 29
99 93
0 0 0
