4 5 4
1 3
3 4
1 2
1 3
1 2
5 6 1
1 3
2 5
1 2
1 3
3 4
2 4
5 6 2
1 4
2 1
1 5
2 4
1 4
3 4
5 6 3
2 5
1 4
3 4
2 1
3 1
1 4
5 6 4
4 5
2 5
4 3
3 5
2 3
4 5
5 6 5
5 2
2 4
4 1
5 2
2 3
2 3
5 6 1
3 5
1 5
4 5
1 5
1 2
1 4
5 6 2
3 5
2 5
2 3
2 1
2 1
3 4
5 6 3
3 5
3 1
3 5
1 4
3 2
2 4
5 6 4
4 2
4 5
4 2
2 3
4 5
4 1
5 6 5
5 3
5 2
5 1
4 1
5 4
5 4
20 10 1
8 20
2 5
14 20
2 20
3 5
12 18
2 8
1 12
12 17
9 10
20 10 3
13 15
5 20
10 20
6 11
11 19
3 10
13 14
5 8
9 11
13 19
20 10 5
5 9
5 3
16 20
10 12
8 18
1 14
10 15
5 14
1 16
7 11
20 10 7
13 17
11 15
4 12
9 18
3 13
7 5
8 14
2 4
3 16
8 11
20 10 9
12 13
8 19
8 14
10 13
3 8
14 16
5 10
1 10
6 14
3 4
20 10 11
12 20
11 19
11 8
4 15
6 16
13 14
3 19
7 8
14 20
8 15
20 10 13
13 8
9 1
5 12
5 14
13 5
5 14
3 7
8 18
7 10
13 14
20 10 15
2 9
15 5
1 20
6 14
2 12
4 16
7 16
1 16
6 12
16 18
20 10 17
2 3
7 20
13 19
5 18
8 12
4 19
3 11
2 20
15 16
13 19
20 10 19
5 1
3 4
13 1
5 11
2 9
7 1
6 1
4 12
11 18
3 8
10 9 1
1 2
2 3
3 4
4 5
5 6
6 7
7 8
8 9
9 10
30 29 2
2 11
11 22
22 3
3 1
1 28
28 6
6 25
25 24
24 9
9 14
14 26
26 8
8 27
27 5
5 30
30 20
20 15
15 23
23 29
29 16
16 7
7 10
10 21
21 13
13 19
19 18
18 12
12 17
17 4
50 49 48
48 35
35 13
13 43
43 12
12 24
24 8
8 32
32 4
4 17
17 10
10 50
50 15
15 44
44 34
34 30
30 7
7 46
46 16
16 3
3 18
18 37
37 19
19 41
41 14
14 29
29 45
45 6
6 23
23 39
39 27
27 20
20 47
47 26
26 1
1 33
33 36
36 21
21 38
38 2
2 31
31 11
11 9
9 22
22 42
42 5
5 28
28 40
40 49
49 25
10 9 1
9 10
8 9
7 8
6 7
5 6
4 5
3 4
2 3
1 2
30 29 2
18 4
6 18
15 6
24 15
13 24
19 13
9 19
27 9
12 27
3 12
8 3
26 8
30 26
16 30
14 16
7 14
25 7
1 25
10 1
5 10
28 5
20 28
11 20
22 11
23 22
17 23
29 17
21 29
2 21
50 49 2
41 6
32 41
28 32
17 28
7 17
38 7
16 38
11 16
30 11
27 30
48 27
43 48
22 43
23 22
12 23
42 12
24 42
31 24
1 31
5 1
20 5
33 20
36 33
9 36
8 9
40 8
37 40
29 37
4 29
45 4
44 45
50 44
26 50
10 26
19 10
3 19
18 3
34 18
39 34
46 39
35 46
25 35
47 25
15 47
14 15
21 14
13 21
49 13
2 49
100 80 10
52 78
5 89
14 65
60 85
26 61
48 69
9 82
48 81
66 73
45 66
34 91
9 76
15 55
15 65
11 88
78 96
31 61
45 63
7 70
18 31
32 62
15 16
17 91
43 76
4 20
19 61
63 100
3 51
22 47
5 29
39 80
24 67
49 86
27 58
41 87
1 41
29 77
1 50
1 38
40 92
12 25
1 15
41 80
27 75
42 51
29 41
20 28
58 87
41 92
39 79
78 87
63 88
5 51
2 57
75 88
35 72
10 89
46 84
3 96
4 97
53 80
37 45
39 54
26 32
20 100
53 69
47 97
36 47
29 38
19 56
55 68
79 100
35 65
54 83
25 87
8 72
48 91
3 27
24 71
79 81
100 1000 10
10 15
36 60
34 72
47 70
33 63
11 17
73 75
36 98
5 81
12 48
68 98
14 16
41 66
27 37
19 60
15 96
43 68
41 48
28 38
98 100
48 75
41 82
64 77
29 54
72 87
51 63
11 46
35 84
63 82
54 79
12 59
1 91
51 84
65 82
51 70
12 87
48 74
3 76
31 55
61 84
40 93
31 62
32 78
2 84
46 90
55 91
70 77
31 92
57 98
25 73
28 81
33 48
76 100
47 72
95 97
37 44
64 65
49 77
44 65
1 64
11 91
26 59
61 89
52 92
42 82
53 76
31 96
16 39
7 9
87 98
19 52
26 85
37 39
19 49
61 74
10 20
29 96
46 59
7 21
89 95
22 26
31 60
10 97
55 58
6 65
54 94
6 45
40 68
97 100
27 55
16 48
42 61
61 63
75 87
39 49
2 1
6 16
59 74
72 90
3 59
53 98
18 75
54 98
53 90
32 100
7 92
77 98
31 92
60 88
31 53
9 48
15 45
68 81
2 98
24 36
35 51
1 29
34 48
25 99
11 18
17 83
35 43
46 80
9 61
33 62
21 96
57 84
20 89
7 30
45 75
4 63
27 78
8 57
39 83
7 58
79 93
60 96
8 26
23 41
44 83
28 42
47 88
20 67
60 72
19 56
30 91
43 87
29 68
23 73
36 94
59 71
11 27
20 43
4 95
35 78
66 76
15 50
2 89
49 88
15 93
65 68
36 74
85 97
6 19
16 66
7 55
38 67
83 92
63 81
53 54
13 42
4 14
31 34
12 42
18 28
39 61
32 40
18 99
69 95
58 73
54 94
36 76
24 76
23 76
3 1
42 93
35 74
10 29
23 100
31 65
7 52
49 89
10 45
28 94
5 14
14 44
31 73
26 42
27 90
2 58
42 74
38 81
11 62
50 98
26 94
61 76
35 92
43 88
20 92
77 78
24 61
35 56
8 64
33 94
21 25
66 96
8 46
45 98
88 92
18 89
65 70
7 38
50 97
33 82
89 99
40 77
9 35
24 82
94 96
34 42
51 100
38 70
33 91
38 97
67 82
97 100
11 26
47 53
52 62
51 87
4 58
81 94
73 83
6 59
1 38
20 86
21 55
46 80
56 88
33 70
37 48
50 77
67 90
37 38
24 51
68 94
62 90
26 86
45 100
40 81
58 84
11 57
31 92
21 26
44 61
22 30
47 77
2 77
30 48
33 70
23 64
16 42
49 91
20 69
37 95
9 54
64 87
2 25
40 58
40 84
11 55
45 100
3 98
54 81
32 83
30 86
13 84
15 55
11 91
47 98
30 43
47 100
47 98
23 45
51 96
2 72
25 94
1 94
15 44
66 68
10 37
1 82
35 47
36 44
26 30
62 87
84 99
69 76
14 70
31 95
74 87
87 98
17 57
12 38
20 85
30 80
24 96
81 82
3 92
30 38
68 98
53 61
6 28
5 55
23 91
42 66
71 93
2 18
50 58
8 27
65 80
16 92
50 92
54 73
17 88
44 68
2 61
4 1
48 92
35 38
80 99
2 9
19 61
36 38
12 34
22 29
17 20
16 64
29 45
54 94
50 65
16 39
52 94
6 96
47 53
51 98
4 46
5 46
36 80
24 86
13 28
39 44
23 27
66 84
52 70
62 75
51 90
2 20
24 63
8 92
10 92
71 79
5 37
3 29
31 77
15 81
8 65
3 100
17 19
17 92
22 81
28 100
38 46
42 96
81 92
18 30
19 54
16 45
50 56
3 78
28 100
59 67
44 68
33 94
17 42
9 99
15 29
9 14
13 63
46 63
14 33
45 95
38 71
26 80
13 23
31 76
47 59
20 42
32 40
51 83
17 81
36 83
14 66
37 92
45 94
25 71
45 64
47 80
68 97
53 72
11 63
78 88
39 84
78 87
59 100
11 52
12 48
49 92
15 73
19 25
1 60
26 50
37 83
13 82
56 68
64 94
72 98
21 73
39 50
43 100
3 6
32 88
3 53
30 94
79 90
34 81
13 80
2 38
5 88
30 93
17 65
10 72
11 51
22 81
6 47
17 35
12 67
7 25
14 59
27 64
26 30
8 62
9 91
17 55
34 92
19 39
10 13
37 84
17 45
3 67
5 73
95 97
11 69
4 67
19 59
6 45
62 86
8 79
25 38
12 26
55 65
32 54
5 77
83 97
16 50
32 60
65 71
35 37
20 81
62 75
28 42
37 66
1 60
48 86
10 28
16 37
24 78
52 76
9 26
69 72
68 69
28 42
6 68
11 34
12 51
7 17
48 99
50 61
3 45
44 55
44 96
21 93
30 32
58 65
68 89
77 99
12 45
19 75
44 99
32 57
71 83
4 28
19 98
21 68
25 26
51 94
18 35
25 94
18 22
35 87
44 49
9 26
25 46
50 94
58 86
6 28
41 42
43 100
23 60
27 60
12 33
15 36
30 55
2 8
48 66
36 74
9 22
3 18
17 45
2 98
54 55
34 92
24 45
8 32
58 87
6 86
50 70
7 92
6 44
2 98
20 34
18 56
32 41
87 93
35 99
12 18
13 28
34 41
98 99
17 97
50 62
15 39
5 62
24 55
23 26
16 99
41 81
43 86
21 95
3 96
25 31
31 38
15 26
51 89
22 95
61 66
11 12
36 72
47 74
32 45
24 79
8 41
13 48
34 66
29 96
57 64
81 82
9 61
7 51
38 43
32 56
60 75
47 67
3 60
42 92
87 99
14 44
10 70
66 94
22 34
42 45
76 99
48 50
2 52
53 78
22 77
2 13
26 95
84 99
59 68
36 44
11 57
4 71
32 94
25 85
17 68
2 28
10 56
32 88
54 74
26 62
13 20
74 90
61 74
50 76
9 59
32 94
72 86
59 83
11 61
45 93
33 46
49 78
65 73
15 30
8 13
49 74
27 39
70 72
1 71
46 53
53 64
35 90
11 24
29 78
37 83
36 79
12 65
24 35
56 68
40 86
85 100
10 39
59 80
41 69
78 90
23 73
59 88
7 44
42 62
12 75
35 43
37 68
77 87
1 24
65 92
45 84
20 82
42 65
11 50
4 13
62 82
16 89
6 97
28 43
2 13
15 66
43 48
21 43
66 81
88 100
14 85
36 100
64 78
41 45
30 40
42 98
47 51
14 21
39 85
55 82
34 40
26 94
27 70
7 11
35 43
39 98
7 44
18 42
61 64
32 85
19 28
7 25
41 47
64 83
12 96
16 93
26 100
6 49
18 67
22 57
6 47
17 53
14 37
11 97
30 33
39 99
41 85
4 6
65 79
56 75
20 75
22 30
4 91
5 42
30 71
33 78
62 82
50 63
51 53
20 61
34 42
8 1
3 76
4 65
3 16
23 90
10 29
41 94
59 88
66 89
53 68
49 98
56 94
9 91
24 45
8 96
69 71
91 95
41 92
19 76
32 98
22 56
17 65
9 28
36 81
16 30
43 95
55 80
11 19
4 36
54 81
45 88
3 24
46 85
59 83
1 79
50 78
57 88
11 23
19 38
35 94
47 55
5 29
45 96
77 79
72 86
7 66
11 46
14 17
32 60
27 49
78 96
18 75
10 98
33 67
9 100
17 51
44 56
3 75
63 73
33 63
64 66
41 68
42 53
27 50
17 26
5 80
26 83
1 16
32 75
51 75
6 45
39 92
17 84
8 77
67 87
5 95
19 49
11 48
49 66
72 97
54 60
38 85
51 57
8 49
46 47
80 96
59 82
52 83
64 90
5 60
27 70
63 75
4 87
4 85
32 54
41 52
53 70
6 12
47 76
75 97
9 74
57 65
4 45
15 68
11 36
19 81
1 92
2 20
26 50
42 60
17 67
11 50
42 85
10 85
28 38
46 88
32 52
17 25
16 85
13 51
29 58
85 93
55 69
30 55
16 64
72 77
19 86
17 80
27 35
13 75
23 100
29 71
30 73
43 85
26 54
5 70
16 81
17 23
46 54
3 12
42 67
59 70
49 89
33 46
28 34
53 80
13 60
43 84
5 83
6 31
9 20
82 89
30 65
34 66
12 94
3 84
69 96
1 41
22 31
16 55
36 48
20 56
25 96
60 100
25 65
52 56
23 70
85 95
74 78
14 76
25 40
40 60
20 72
37 38
24 92
51 64
1 62
28 60
33 73
34 87
2 97
55 74
20 47
90 94
26 83
42 70
17 61
15 16
50 70
55 66
41 96
4 22
39 40
62 76
57 89
19 30
36 96
9 56
28 69
86 99
9 26
56 94
19 89
47 70
54 82
10 29
67 83
46 67
60 89
71 90
21 33
21 42
24 57
5 31
57 59
24 91
9 55
16 52
64 84
40 78
16 80
50 99
14 36
10 17
35 93
2 58
7 39
26 48
69 71
42 47
37 73
16 64
23 66
22 63
49 51
73 85
75 91
7 50
12 68
23 59
13 21
44 48
66 78
56 93
7 39
33 41
74 91
3 78
3 92
26 34
26 58
57 73
17 47
63 81
83 97
17 100
55 76
10 16
100 330 11
48 15
36 1
23 87
33 15
62 28
10 67
18 38
7 86
27 87
100 96
31 16
98 39
46 90
66 79
80 30
80 58
80 9
8 1
27 46
93 5
35 40
91 78
78 90
5 58
43 38
84 5
91 14
16 34
12 53
74 47
27 38
100 78
75 67
29 13
85 97
100 63
96 38
71 61
59 66
14 56
45 56
45 26
93 62
99 74
64 30
58 60
31 71
83 31
78 50
18 30
45 5
68 83
19 37
41 83
91 58
83 38
68 10
56 34
26 9
93 71
18 58
88 24
41 4
31 5
36 71
33 55
27 38
27 16
8 27
82 27
81 6
26 9
36 18
17 50
4 9
49 84
87 26
36 26
41 67
18 63
80 49
45 1
48 60
97 39
26 16
28 1
57 50
60 20
85 53
17 31
11 56
27 38
46 34
27 71
100 91
62 56
14 58
35 66
26 9
17 43
78 30
93 1
81 24
97 94
4 64
82 30
78 84
93 10
67 87
41 49
71 34
81 13
17 38
19 66
70 42
59 21
68 100
83 78
4 63
45 50
45 80
100 90
56 26
6 73
43 8
43 28
68 46
8 84
67 9
45 67
30 71
12 35
66 21
78 72
41 57
34 61
23 62
27 38
31 96
73 97
93 87
30 26
23 5
8 27
78 56
14 50
91 31
34 58
89 39
42 89
58 66
42 25
42 92
17 100
100 14
65 60
35 39
53 94
77 94
68 26
35 66
32 86
59 40
42 59
11 5
44 42
24 86
48 13
3 53
88 66
11 36
95 86
14 50
15 79
33 48
33 69
55 88
12 79
29 99
100 30
93 56
55 24
38 30
68 16
58 92
24 73
56 34
51 73
32 13
62 49
62 90
65 98
65 21
19 86
7 79
52 21
89 19
7 47
95 21
65 40
52 98
35 39
85 21
48 86
55 74
65 25
58 51
42 65
44 73
45 62
29 77
98 79
98 21
59 39
29 59
19 39
56 26
52 24
58 21
35 2
55 74
52 79
58 21
15 39
91 28
44 76
31 54
12 22
70 60
53 55
75 64
89 98
40 86
42 60
69 55
91 1
32 40
41 30
100 26
99 13
52 47
27 38
32 59
85 53
44 88
19 39
69 53
8 30
41 90
12 97
42 19
15 98
29 21
15 74
58 70
99 97
44 33
42 15
51 97
51 98
45 71
59 60
52 92
19 94
69 89
66 20
99 86
88 21
51 88
82 27
81 40
74 97
99 40
76 39
17 5
51 89
88 25
42 79
11 5
11 34
22 94
22 73
96 9
58 29
77 95
33 6
44 21
76 37
9 61
76 65
12 74
76 6
21 20
36 71
23 28
81 65
82 90
95 79
48 69
15 25
30 25
76 21
26 53
48 94
72 39
10 71
9 58
31 87
33 19
69 86
29 97
91 62
87 85
23 2
10 84
8 66
17 98
14 64
69 92
11 46
68 10
54 42
100 63
93 8
41 96
22 73
9 88
65 6
45 99
77 98
100 330 80
99 1
48 84
17 76
91 1
19 39
60 23
9 32
62 49
73 3
65 57
83 81
31 7
32 77
12 81
97 68
74 85
62 32
6 1
62 9
53 43
25 42
93 84
15 64
35 47
6 4
35 84
61 68
19 65
34 40
36 11
9 47
44 54
91 93
23 11
50 84
47 8
15 81
79 57
89 38
9 84
56 75
89 60
89 23
24 96
50 38
50 48
38 70
28 78
34 33
50 87
57 87
26 76
19 35
51 3
7 87
95 84
59 67
80 32
67 88
56 70
8 52
50 32
65 1
97 70
14 16
73 21
4 11
79 71
79 78
58 2
20 48
82 68
66 33
9 49
50 39
27 78
44 12
39 1
95 84
97 52
71 31
80 72
27 1
42 54
35 48
79 87
97 48
62 31
90 48
37 7
78 38
83 45
66 81
55 42
80 62
60 57
82 11
43 41
36 11
19 50
82 87
82 61
20 75
89 62
78 4
90 8
97 72
9 49
28 37
39 38
28 82
63 45
28 78
28 65
37 23
48 70
57 7
10 14
39 9
78 49
34 24
65 37
72 68
82 90
58 83
79 61
36 99
62 78
62 84
91 62
31 18
89 57
89 72
55 41
51 16
20 52
19 82
14 54
56 99
10 92
93 99
38 72
93 7
54 41
89 99
19 65
77 48
62 90
91 48
90 4
20 70
25 29
51 22
31 36
50 1
8 52
67 88
82 95
33 2
33 76
89 31
44 86
85 26
15 29
34 14
85 46
17 5
100 29
46 88
83 12
5 41
26 12
98 94
54 51
52 67
52 22
55 25
71 93
64 13
55 53
57 70
15 51
40 42
86 29
28 7
82 47
6 19
98 41
15 24
34 73
44 46
45 86
18 68
36 11
34 98
24 53
85 76
29 16
52 51
10 12
78 56
24 3
25 69
52 2
76 41
100 64
73 51
34 41
66 64
47 95
94 16
65 75
62 50
22 3
66 96
30 94
52 55
89 52
14 29
34 30
58 96
24 96
82 61
28 32
12 67
29 16
81 22
13 51
17 41
50 56
21 76
45 94
66 12
85 45
79 72
66 85
65 50
58 3
52 83
17 21
29 46
15 74
79 78
34 74
59 86
100 21
33 43
55 59
79 7
54 51
15 76
58 42
71 31
52 15
28 50
100 96
73 85
74 25
58 42
67 3
65 77
10 3
24 41
33 51
53 94
52 43
30 3
12 3
52 30
67 2
19 38
98 81
30 5
15 53
40 92
62 77
100 67
50 36
17 25
34 5
78 11
19 35
83 26
44 67
34 22
44 13
74 43
74 86
40 53
55 53
67 16
31 57
34 25
54 81
87 49
98 41
44 67
24 12
74 12
87 11
66 51
18 41
32 96
38 33
97 44
99 68
60 39
50 74
18 2
57 94
62 98
99 61
9 77
64 44
83 16
61 58
38 81
65 94
99 24
97 21
35 10
24 92
20 96
98 86
78 33
73 13
89 47
49 66
60 38
7 67
100 330 96
100 42
82 26
43 84
99 2
50 2
46 9
69 9
50 52
38 60
2 85
30 57
87 61
79 18
11 29
66 24
85 23
27 15
87 39
81 1
21 85
49 27
70 84
58 19
11 59
43 26
12 10
21 2
50 98
53 62
74 37
50 26
11 35
11 85
76 33
30 55
96 4
67 85
85 69
48 5
88 46
90 57
11 50
59 80
21 52
91 65
92 70
35 9
99 26
99 4
40 85
2 35
24 52
74 23
96 98
67 69
11 50
16 14
3 23
21 85
20 24
66 98
24 23
95 56
50 82
95 42
100 5
2 26
99 26
92 24
96 63
63 78
6 9
11 39
11 74
6 80
43 82
70 14
78 15
29 43
21 16
85 24
48 13
1 84
87 81
6 27
63 2
4 52
88 74
6 61
14 39
22 24
79 36
89 64
86 32
40 74
22 82
93 58
92 17
88 34
93 38
46 9
40 26
2 39
8 32
92 81
66 69
3 74
5 55
6 34
29 59
95 42
3 59
47 57
1 52
63 52
87 81
90 65
31 36
50 87
79 77
95 62
46 24
38 54
40 70
24 14
75 7
32 91
11 49
96 99
21 2
25 55
92 9
49 59
74 6
2 26
11 82
87 92
22 70
22 24
87 37
41 18
1 4
30 97
71 97
50 80
24 14
88 16
100 57
99 66
68 74
38 90
32 77
89 18
38 56
64 65
75 58
12 56
100 93
59 61
48 94
37 61
2 4
11 22
56 42
75 8
39 55
96 26
100 28
44 54
64 42
38 44
48 57
49 69
44 55
32 41
48 13
45 93
25 56
50 80
17 84
30 28
68 66
91 5
17 39
59 68
40 92
97 5
76 89
13 72
88 26
90 19
31 73
30 97
94 83
71 60
45 77
76 77
79 73
90 42
71 72
8 60
86 55
31 44
45 58
28 73
6 1
95 42
11 49
45 62
25 62
31 56
38 83
45 58
45 91
33 31
1 9
58 44
66 70
38 44
39 28
76 47
100 31
100 60
38 97
25 5
75 83
77 65
53 13
7 44
99 14
48 51
15 14
39 76
91 73
41 72
3 4
26 23
71 51
47 36
71 54
13 97
86 58
38 62
45 51
12 89
39 73
63 23
3 84
60 28
2 14
2 26
30 10
97 73
58 77
96 67
96 50
91 5
48 12
93 44
74 16
12 94
21 69
39 93
69 24
12 18
13 65
16 52
32 5
72 55
32 62
39 83
31 83
58 44
95 71
7 72
21 52
90 73
83 28
47 56
86 58
50 22
8 33
99 84
77 73
39 89
7 93
68 69
45 93
32 47
25 73
16 39
19 73
58 54
90 18
72 18
38 97
48 83
57 19
45 76
21 67
39 44
69 26
49 51
40 5
49 12
3 50
80 18
49 75
20 6
70 35
82 53
29 73
20 58
53 72
6 64
38 83
66 61
70 36
50 93
7 93
63 34
79 5
67 25
3 4
75 18
97 19
40 78
66 31
100 12
10 83
100 330 90
35 34
82 26
4 78
82 36
53 36
2 20
19 64
28 25
79 53
46 80
94 44
82 3
27 30
63 21
13 50
22 47
81 92
78 70
63 79
58 83
31 72
61 31
22 7
98 92
37 42
33 91
36 70
28 80
92 72
14 68
82 74
6 34
84 27
8 61
45 89
86 49
15 7
45 74
84 80
79 31
27 36
84 31
36 89
35 67
65 43
68 78
17 34
44 96
71 45
51 74
77 30
99 11
50 12
45 10
90 69
46 33
58 2
92 21
41 74
90 89
15 5
14 42
62 33
60 38
79 12
28 72
84 50
79 36
57 59
64 49
69 70
77 33
59 11
37 50
76 66
53 92
63 12
42 89
79 28
53 91
56 26
78 26
98 10
24 99
50 68
66 47
43 34
69 21
62 82
74 42
84 36
14 78
46 61
56 12
46 53
100 48
41 21
91 74
69 26
33 48
88 72
53 10
28 80
37 82
53 10
63 41
82 70
8 3
77 53
41 4
41 70
14 42
56 21
79 68
54 75
81 50
63 14
71 81
42 3
73 21
64 20
32 55
1 95
8 88
17 15
46 89
69 31
10 12
69 68
73 26
98 21
56 91
13 21
73 45
45 78
71 88
28 92
36 10
50 48
82 42
62 28
99 94
90 80
29 99
14 31
27 91
88 72
65 1
25 89
37 91
20 93
87 85
6 5
32 6
32 15
75 43
52 38
61 92
55 96
65 9
11 44
81 27
75 16
84 51
39 20
59 85
39 55
67 38
11 60
35 20
64 34
87 44
32 22
27 33
87 44
64 93
28 14
3 19
54 6
22 24
83 17
65 96
22 44
3 44
66 16
39 49
82 36
87 43
4 50
29 43
14 80
73 12
79 21
35 47
41 25
8 48
75 93
19 15
20 93
44 93
17 7
31 12
40 59
29 65
63 53
23 49
23 34
64 16
58 57
24 11
19 20
32 18
65 85
22 15
52 76
67 49
61 50
39 38
52 75
83 87
53 14
95 6
51 82
57 65
62 14
1 60
3 52
95 67
65 76
14 12
30 72
92 72
54 6
60 85
64 60
35 32
54 1
15 95
4 82
22 18
6 93
6 85
39 93
36 48
75 15
9 38
32 75
39 11
23 65
59 96
94 95
69 88
66 7
90 63
24 38
23 24
32 76
32 23
69 3
11 85
22 7
79 14
57 40
35 65
2 17
15 96
23 17
64 44
39 94
64 9
35 93
76 94
43 9
43 96
57 49
66 18
54 85
8 4
23 5
9 47
9 67
55 2
55 16
87 6
52 16
39 55
9 15
6 66
49 97
49 93
8 92
22 97
91 82
77 53
23 75
68 70
84 68
15 66
35 54
76 97
94 66
4 25
69 62
11 93
14 32
68 20
72 18
46 36
52 55
81 89
14 78
89 75
67 44
28 15
53 9
50 24
42 64
88 1
92 82
12 44
26 2
8 67
84 98
78 3
50 20
78 54
27 80
75 20
70 55
32 1
100 330 90
93 46
1 95
26 50
91 66
47 50
54 7
30 99
63 59
66 51
15 14
37 70
28 93
68 37
2 95
56 62
27 5
68 84
12 64
65 87
69 59
26 69
85 21
44 99
68 7
1 91
24 13
27 38
33 43
5 84
26 10
100 58
13 73
83 46
90 63
71 57
72 92
61 3
68 1
4 26
65 89
40 21
85 100
88 34
77 38
95 12
27 62
62 19
54 58
4 14
70 7
33 97
66 92
76 28
52 65
50 95
51 18
80 99
24 61
32 19
19 7
1 91
80 15
44 51
17 31
54 38
74 19
70 40
28 29
36 78
40 44
26 99
98 20
28 83
4 100
70 66
2 64
35 18
1 79
63 4
59 30
91 99
26 79
62 79
54 4
37 77
33 76
69 85
72 35
68 37
85 99
7 35
62 58
91 15
1 69
49 53
47 27
31 29
38 64
74 51
43 39
33 67
45 46
6 12
31 78
27 91
56 69
63 7
50 70
7 79
5 99
69 80
80 51
77 84
68 74
90 32
47 10
24 8
14 21
51 84
69 80
62 79
64 92
17 82
3 20
15 35
77 94
82 29
26 35
32 70
72 50
58 7
6 72
47 92
41 52
74 99
1 35
50 10
76 46
18 92
68 12
58 79
30 14
33 23
40 5
77 18
50 35
47 99
37 91
96 60
18 64
90 72
94 99
58 30
73 16
71 9
88 73
3 28
76 8
28 29
13 11
16 60
49 57
97 46
16 55
68 40
28 93
49 9
39 20
66 51
22 31
41 31
9 57
43 87
3 49
3 57
67 22
92 83
89 42
51 79
16 20
43 55
97 89
88 83
88 8
36 88
88 34
26 21
39 97
29 89
24 65
98 75
38 21
24 49
67 17
68 10
34 49
6 50
39 48
92 75
26 38
76 89
45 16
69 14
24 28
17 55
47 21
56 44
56 70
27 1
32 37
47 77
22 25
62 5
36 11
92 86
16 93
93 46
17 53
81 73
83 89
49 57
25 11
96 9
27 72
98 11
44 30
48 89
31 46
60 93
3 57
68 14
39 78
87 78
80 15
7 92
73 97
61 98
57 42
3 52
67 49
83 11
1 72
87 75
81 34
92 31
98 49
31 52
69 7
31 65
36 97
49 9
41 75
61 60
36 9
22 8
3 76
43 53
55 78
59 10
82 31
41 73
13 87
3 55
25 71
45 86
70 74
29 9
20 11
44 14
22 83
24 67
71 8
22 93
65 42
98 55
31 29
55 11
25 60
22 25
4 15
73 75
17 71
67 87
55 9
24 11
39 87
54 62
12 66
11 93
56 94
22 20
94 21
25 20
45 20
87 42
92 33
51 35
36 25
22 29
23 55
94 55
14 55
44 22
81 42
1 94
66 29
90 41
94 30
25 88
24 20
59 46
85 25
80 48
37 48
72 38
54 69
10 42
12 74
17 55
62 10
40 36
68 13
18 60
33 83
74 14
66 51
90 62
7 29
14 53
17 98
100 330 50
50 36
50 98
91 83
68 58
80 97
80 95
90 44
47 8
50 47
92 62
68 9
92 24
54 40
60 78
51 41
40 20
35 23
54 77
27 75
92 26
49 72
60 61
35 78
85 76
46 47
9 11
46 23
51 60
38 78
15 11
50 78
25 69
54 21
51 78
53 42
27 75
68 44
36 60
47 44
7 31
51 1
25 30
68 92
90 33
2 99
23 39
75 60
46 60
79 22
84 100
55 23
54 44
17 20
11 80
19 59
38 13
85 16
85 57
93 70
60 44
41 62
25 7
15 96
92 82
76 45
8 43
1 61
11 7
15 77
9 1
79 52
53 6
38 26
100 43
88 45
51 21
55 82
73 98
66 33
8 5
40 11
88 83
17 20
19 58
75 98
46 23
41 82
92 82
75 87
82 20
46 43
4 14
75 61
42 69
48 6
73 13
17 13
1 78
88 14
35 61
55 66
46 61
78 39
49 86
77 13
30 45
46 77
86 83
55 59
47 13
66 26
98 39
80 91
73 40
84 87
56 43
92 87
80 29
55 39
47 9
84 24
81 14
35 75
77 1
25 32
15 43
37 2
46 84
27 62
68 58
17 87
50 23
17 78
21 44
23 43
75 62
50 36
69 71
85 52
92 62
48 91
41 33
90 98
68 43
92 8
43 11
100 78
15 19
96 27
31 81
28 48
85 64
72 67
30 6
97 99
30 64
89 63
93 97
91 83
1 87
91 45
70 42
34 86
72 83
1 61
80 10
12 81
70 18
28 3
22 52
85 18
25 81
25 12
60 1
95 67
3 99
75 62
79 71
37 97
27 11
10 7
4 6
10 45
74 45
75 1
35 19
18 48
25 6
72 4
85 30
3 64
49 74
15 87
7 69
91 64
11 4
7 69
92 87
28 99
40 59
84 59
55 68
50 47
7 45
89 52
72 22
13 20
37 69
79 2
18 74
73 84
14 3
34 29
35 8
10 97
11 85
11 76
49 85
72 52
3 71
11 81
37 18
34 86
17 78
35 21
32 74
3 71
9 84
94 81
34 29
25 70
92 13
11 85
11 64
79 2
97 65
93 30
10 34
59 33
73 40
47 51
49 25
86 3
41 82
53 86
30 6
70 52
29 81
57 74
37 95
70 99
85 22
24 8
54 8
37 30
25 93
18 72
76 81
77 26
6 79
37 74
91 52
93 42
8 44
73 21
12 2
24 5
11 16
2 99
29 71
94 99
52 45
94 95
2 99
46 23
49 67
11 31
34 7
7 2
55 35
18 42
80 42
36 13
50 61
19 78
7 31
4 52
88 95
32 52
46 13
79 22
95 6
95 42
4 12
100 11
14 22
93 30
57 71
54 40
10 42
15 98
24 98
9 41
27 57
51 63
98 49
82 91
17 44
84 24
59 91
59 72
8 31
41 14
35 62
25 29
77 5
4 45
100 67
35 23
28 67
13 100
14 2
68 91
53 42
49 76
56 60
66 81
73 96
21 53
8 71
100 330 76
2 100
42 60
55 25
29 77
25 41
16 70
38 49
61 52
40 38
62 50
95 45
16 49
84 38
78 25
99 56
78 15
80 6
89 73
13 65
17 21
22 49
29 100
78 100
10 88
66 11
53 90
60 54
40 39
2 60
98 26
40 39
90 86
41 73
84 91
63 7
17 47
76 80
65 77
69 1
46 3
16 44
51 52
80 77
16 70
69 45
4 50
2 1
18 9
39 44
24 85
45 12
84 4
53 31
4 100
88 20
13 54
69 12
60 91
84 75
4 54
29 75
30 77
63 85
84 42
15 41
83 64
100 77
57 98
76 91
93 100
92 71
71 26
62 29
4 36
1 50
34 31
27 62
25 41
77 24
79 45
62 70
59 55
33 31
83 18
76 84
85 9
8 17
42 77
76 59
54 32
32 77
4 32
36 100
48 14
16 91
2 4
16 22
93 59
36 44
84 96
3 26
39 96
30 45
65 41
88 26
36 100
40 96
12 77
78 25
43 77
44 77
41 12
94 56
42 28
80 70
17 23
59 42
29 54
80 1
30 100
100 73
59 25
41 44
32 12
8 92
39 1
54 91
4 75
36 75
40 28
88 18
76 96
85 33
40 84
40 2
61 87
39 45
18 37
10 33
39 91
95 28
76 12
30 54
95 77
39 54
59 70
59 96
42 73
96 43
35 67
10 92
4 43
35 18
35 7
85 26
90 26
64 86
78 68
91 12
77 20
82 77
87 26
13 30
74 85
87 71
77 88
45 77
66 53
2 96
4 95
83 20
33 64
13 27
24 67
78 50
35 71
67 26
88 53
10 31
63 72
63 33
28 49
78 60
14 85
20 87
77 72
83 92
2 69
23 90
23 14
17 21
13 49
76 6
94 98
4 41
93 25
35 90
85 20
94 67
79 28
85 92
10 7
79 6
6 70
66 23
24 11
35 85
61 51
29 45
33 92
99 24
84 6
77 11
23 64
74 64
37 9
37 20
61 52
72 71
66 37
51 67
11 87
85 56
94 14
17 33
83 92
1 43
53 72
31 11
53 11
59 68
10 18
100 77
62 77
37 64
76 82
52 3
10 3
77 86
8 56
77 17
81 11
64 11
52 67
37 87
57 88
28 43
76 49
13 54
37 86
18 72
99 19
21 14
62 39
97 18
90 67
47 7
90 19
18 87
81 3
88 35
14 71
74 98
24 81
9 11
99 5
37 3
20 33
94 56
32 44
23 86
34 3
72 34
66 97
62 29
10 99
85 67
23 53
59 45
30 36
46 83
29 54
53 86
51 92
93 73
24 90
88 20
20 31
77 24
37 85
47 92
77 85
7 98
66 24
47 7
84 89
68 49
77 52
53 20
74 31
59 17
70 19
13 38
6 11
50 52
66 3
59 21
59 99
80 53
30 53
6 25
30 44
49 90
75 67
82 95
23 33
25 74
75 98
95 11
28 73
53 87
39 96
74 23
57 56
79 57
2 32
73 8
8 92
80 56
100 10
100 330 95
20 75
84 28
58 18
69 78
88 38
56 97
82 30
15 18
73 28
19 46
51 16
70 41
9 74
24 92
48 38
68 100
95 65
54 64
55 66
96 24
50 66
68 7
55 78
95 24
64 2
91 37
62 52
27 41
63 32
56 96
14 70
14 86
79 53
77 30
27 38
95 72
13 31
37 65
82 83
99 45
79 88
20 89
43 65
55 70
31 36
2 68
45 54
71 39
58 72
43 91
2 7
21 97
91 92
48 40
96 88
8 28
43 74
37 42
37 96
55 41
21 25
78 67
61 97
18 76
72 86
35 9
37 48
58 72
69 54
72 98
49 70
17 45
50 24
79 18
86 92
45 67
96 45
89 48
56 37
49 72
8 36
62 16
55 14
17 75
33 16
6 31
52 47
40 41
98 27
90 85
94 52
39 73
21 88
98 54
51 84
75 40
100 93
50 98
53 86
82 39
49 48
44 26
58 67
58 48
51 100
69 49
18 81
34 44
50 27
69 17
34 44
45 88
55 24
50 24
95 15
49 75
67 81
70 66
94 64
14 45
69 89
15 97
3 85
72 27
56 61
14 67
18 66
91 74
50 40
95 15
95 61
88 74
37 81
58 9
50 81
28 85
51 2
45 74
53 41
14 75
98 88
20 75
15 65
43 78
76 81
53 75
49 86
43 67
89 70
55 96
31 4
84 28
63 52
63 22
84 87
59 19
94 7
94 73
51 39
78 27
7 19
77 94
90 64
48 76
65 61
17 15
39 36
8 2
13 23
8 12
99 86
59 36
6 44
26 47
58 14
30 87
100 47
63 36
8 93
76 40
99 75
56 91
60 33
58 75
11 63
93 85
11 19
8 3
96 61
45 86
34 93
98 40
30 26
29 19
89 81
80 83
73 32
8 47
12 85
10 62
20 9
54 80
51 33
82 36
56 15
35 72
13 33
33 59
23 46
62 59
39 62
29 93
3 4
51 59
64 22
84 26
29 46
73 52
61 42
61 57
83 93
29 26
39 59
71 32
44 47
77 19
72 81
10 32
64 28
60 4
6 32
73 47
34 47
51 16
22 80
18 81
27 40
10 31
34 100
78 37
71 11
82 1
23 28
51 73
54 34
17 18
69 9
2 31
93 85
26 19
68 4
82 7
52 80
63 33
22 68
95 18
94 23
100 47
77 29
10 82
22 12
35 92
55 65
71 30
73 31
54 13
20 74
55 56
2 60
21 92
81 57
100 28
28 85
64 29
64 85
99 72
6 11
28 36
7 46
29 83
29 31
30 87
94 19
13 62
18 97
2 85
21 24
8 60
69 55
72 66
100 26
52 93
1 30
90 87
39 12
90 31
58 88
13 29
100 31
60 100
79 26
67 25
49 48
86 59
14 26
17 97
37 77
40 68
78 40
44 4
8 7
75 63
95 51
53 71
91 50
51 1
35 100
18 80
27 71
78 22
45 31
18 68
56 83
76 77
34 80
99 23
55 14
34 59
57 8
91 24
100 330 72
14 60
97 16
57 49
32 57
72 70
63 80
57 9
26 97
63 58
72 50
79 30
93 43
31 6
76 44
32 58
94 9
32 57
75 43
14 10
67 51
53 51
47 23
63 43
92 44
22 21
61 49
16 74
14 30
70 31
26 6
61 53
32 1
70 49
66 30
83 94
50 17
64 50
70 99
42 19
83 66
56 98
72 76
72 30
66 60
41 95
65 78
72 53
76 27
72 60
73 31
14 50
64 96
9 43
45 7
89 51
30 8
56 28
7 88
71 88
83 53
67 73
66 75
63 73
75 99
60 93
12 29
94 85
93 80
83 52
18 56
67 85
75 8
94 53
79 70
52 73
65 28
86 16
93 25
60 9
69 88
49 7
49 73
79 49
34 79
34 92
57 45
20 40
83 17
14 70
15 91
76 67
52 69
47 15
5 50
37 91
59 45
34 94
36 97
62 86
30 10
33 48
47 42
45 85
65 40
89 60
76 80
67 53
63 67
99 31
27 94
75 52
93 9
3 78
63 99
17 10
72 94
92 31
33 62
14 5
91 28
30 44
26 82
42 54
72 88
59 73
42 91
17 58
76 61
72 45
67 75
30 44
48 29
79 83
32 1
32 9
66 10
76 30
56 55
79 25
83 10
66 30
72 8
96 85
76 50
34 32
13 56
69 17
34 80
20 87
60 96
94 31
14 79
12 22
15 26
23 62
73 43
86 2
77 28
14 66
12 100
81 48
68 2
20 62
15 78
22 16
87 97
19 68
81 48
37 21
7 8
31 4
81 84
3 11
97 62
65 6
4 54
82 4
20 18
57 45
35 91
55 29
34 7
16 29
41 21
18 48
81 56
15 48
13 19
22 39
53 44
93 70
13 97
19 54
72 94
84 74
24 55
61 7
3 4
98 16
65 77
83 46
79 53
35 20
41 40
36 90
83 10
78 48
100 55
78 98
33 86
35 22
79 80
85 43
37 47
68 29
42 86
31 86
27 5
39 95
18 97
39 74
56 55
19 38
97 38
77 2
12 91
81 36
26 29
41 95
47 3
83 27
22 98
18 87
82 22
56 4
45 44
93 96
11 2
28 68
81 91
60 64
22 11
80 30
90 29
56 86
32 1
35 100
47 26
48 84
66 31
20 91
34 93
46 88
68 40
91 86
18 78
12 11
81 16
41 40
26 82
15 29
4 55
37 20
5 44
81 24
72 64
90 95
47 40
15 21
36 97
82 84
3 78
80 50
81 84
31 82
43 31
47 90
26 77
6 40
88 10
35 74
47 98
77 3
33 22
35 100
77 23
15 21
19 21
25 10
38 21
91 21
23 98
81 4
57 75
35 24
75 53
89 57
97 28
35 38
100 74
64 9
64 51
100 62
93 99
53 29
53 45
22 68
97 95
14 7
67 28
90 74
7 33
73 31
43 23
100 78
32 71
44 47
89 2
53 19
63 9
66 6
7 10
79 78
60 73
70 41
84 29
83 80
47 26
20 29
49 7
100 330 32
71 95
43 87
20 21
30 58
16 38
74 36
25 96
34 38
19 76
90 89
19 20
15 27
39 65
39 6
27 26
16 12
36 85
84 20
27 64
36 21
50 51
17 24
95 52
19 51
19 38
46 9
43 85
23 9
94 61
34 33
3 13
52 31
35 87
12 87
33 91
87 6
26 91
12 42
33 76
1 55
71 52
53 46
92 7
1 48
31 42
52 84
68 96
60 85
16 85
99 28
1 47
95 48
71 84
23 9
13 40
95 58
95 29
31 58
14 93
50 76
38 21
19 29
80 97
16 65
27 87
52 6
95 42
89 84
25 54
3 41
33 42
26 47
15 29
41 14
27 37
35 44
93 63
73 38
100 35
73 20
26 89
59 51
89 47
84 20
94 63
34 42
48 21
27 31
51 43
52 55
76 21
95 51
58 87
35 50
58 21
7 9
11 61
17 26
19 95
87 65
95 42
15 43
17 31
69 61
39 47
31 85
52 60
50 74
62 86
12 89
90 30
55 42
82 47
100 85
84 87
8 83
30 33
77 93
12 59
34 39
31 33
50 74
82 30
55 43
67 75
25 79
51 42
15 55
38 20
66 10
18 81
50 37
4 8
30 87
38 37
33 20
82 38
51 21
5 88
34 85
31 37
36 85
27 39
8 94
74 48
32 30
16 21
20 44
16 95
16 48
44 40
23 41
8 77
78 2
8 2
44 97
8 28
69 7
98 62
1 12
99 63
69 70
25 69
34 29
86 83
83 61
3 92
19 42
77 11
2 11
18 61
97 75
67 7
52 87
13 10
4 97
99 72
83 70
100 60
16 51
30 38
46 14
4 28
79 11
8 18
98 54
95 43
5 63
66 11
77 81
58 20
7 56
36 24
42 6
40 72
7 22
18 9
49 14
45 2
96 49
23 40
44 5
79 46
13 77
53 46
4 92
92 77
70 75
19 35
77 70
74 47
99 49
3 45
49 9
44 67
16 74
18 94
62 53
54 61
54 10
56 9
3 53
100 65
3 53
8 14
13 18
23 86
13 63
99 98
53 11
7 49
15 42
13 94
5 93
32 76
18 81
68 80
62 63
83 13
66 78
83 72
79 75
80 13
3 72
63 10
7 63
28 97
3 7
55 24
86 94
69 81
8 97
32 59
80 61
25 10
69 46
8 72
82 29
29 44
30 37
50 84
86 46
23 67
61 10
17 51
94 63
3 61
99 97
29 30
86 9
66 8
60 91
41 81
80 70
14 11
79 63
77 49
23 49
18 54
23 53
78 96
2 11
59 76
66 5
83 18
18 63
1 65
39 43
63 10
95 89
81 22
58 6
78 77
83 63
8 45
62 10
88 81
66 68
77 61
66 88
71 3
27 46
99 54
42 2
21 86
52 65
99 69
59 11
34 59
38 18
15 73
44 88
36 84
44 53
35 79
27 3
100 4
82 53
33 4
23 4
33 84
1 11
1 80
35 22
21 7
51 42
30 89
43 99
58 10
57 79
100 330 82
52 86
92 35
93 48
50 65
35 14
45 5
73 2
70 96
67 90
57 62
76 6
5 15
8 54
77 80
94 72
21 71
37 31
88 100
37 33
89 8
16 90
25 73
6 9
31 83
25 16
51 95
67 83
8 23
82 57
94 73
33 97
52 8
15 34
43 61
94 8
27 34
56 61
39 19
64 85
79 29
27 8
29 90
56 63
94 70
72 5
82 90
6 89
58 5
25 62
32 2
78 1
6 57
48 40
84 63
43 2
56 35
29 46
32 43
47 20
29 43
94 31
80 10
29 15
76 4
60 100
8 68
76 57
55 66
24 10
91 19
42 26
25 35
75 10
23 47
65 83
72 63
56 36
37 92
48 26
25 98
36 4
6 14
17 98
67 52
16 9
17 5
39 38
33 52
45 35
97 2
17 29
8 87
17 16
32 15
58 62
74 90
52 4
22 49
72 56
67 14
92 4
29 27
82 73
17 62
94 89
43 65
33 35
62 97
17 29
94 43
73 70
37 70
92 43
29 92
79 90
36 14
51 93
68 100
90 65
29 15
90 5
8 87
16 86
23 40
67 4
73 46
27 34
35 46
65 84
31 97
25 96
70 97
16 35
83 34
92 15
67 84
75 20
16 92
79 43
29 36
13 55
76 62
94 14
94 74
79 70
56 52
46 86
68 18
57 62
53 40
77 1
80 26
76 56
32 70
16 86
46 97
26 11
85 21
29 70
93 19
27 8
55 21
94 8
24 28
91 64
95 88
74 8
54 10
47 87
25 72
53 12
99 20
18 69
42 59
12 11
59 18
77 47
52 4
64 40
24 40
19 10
39 18
78 66
66 10
39 54
79 56
35 14
90 5
51 23
9 8
3 100
23 69
49 19
99 85
95 88
23 11
39 87
24 64
13 69
48 26
64 18
24 75
94 56
7 99
41 12
51 71
53 100
95 80
44 1
100 71
48 55
75 55
82 15
39 38
8 71
79 83
78 40
48 59
24 22
28 91
77 18
95 11
29 14
37 5
16 52
28 48
64 48
23 28
41 59
92 46
78 60
13 28
3 81
51 80
88 81
30 87
66 10
37 50
12 66
61 8
44 75
24 19
94 45
60 19
77 21
16 32
33 2
76 94
26 20
61 62
79 6
95 54
99 69
22 88
8 20
60 1
39 99
30 87
78 64
95 69
85 69
49 3
49 21
41 93
51 87
40 38
24 80
99 100
24 75
47 81
77 47
39 19
39 87
64 68
77 59
44 20
77 10
71 11
41 47
85 40
20 71
21 1
44 7
53 66
8 28
44 1
39 81
92 84
28 66
8 22
8 39
77 91
13 48
24 77
40 11
72 89
92 52
7 100
83 96
23 99
56 44
52 38
71 38
6 68
3 81
17 51
46 3
16 62
70 20
16 6
34 63
79 7
93 38
4 38
28 49
25 70
90 10
92 47
77 88
4 93
41 87
52 77
93 75
94 41
4 71
63 77
36 7
6 68
2 66
67 29
100 330 52
79 76
38 98
84 18
9 20
81 22
21 40
47 30
96 82
25 63
46 27
1 48
43 82
44 59
15 70
92 76
81 33
16 65
77 46
57 20
20 30
47 68
49 22
39 6
13 76
22 30
86 30
26 86
53 90
96 32
49 51
27 93
72 21
11 95
83 20
84 24
15 47
57 27
49 14
81 16
46 17
76 33
22 83
14 5
19 73
35 55
95 99
17 16
23 98
96 50
58 68
66 30
52 25
96 99
1 35
31 28
20 82
52 70
77 95
22 9
99 27
15 27
62 87
5 96
18 10
78 56
21 86
59 75
22 34
51 34
72 78
1 62
11 79
46 65
85 65
90 55
49 47
88 54
58 20
52 22
13 92
66 47
5 50
52 13
96 92
77 27
82 45
52 77
10 4
19 60
93 92
13 50
46 93
82 37
49 15
60 45
89 8
17 47
92 33
32 82
43 47
51 63
25 63
42 10
68 92
92 33
50 83
78 58
14 70
17 56
17 82
89 55
43 40
46 33
27 82
19 62
8 55
5 50
70 27
40 86
11 81
31 24
21 99
57 78
99 41
26 16
65 82
88 97
95 82
53 8
88 38
77 9
66 58
51 63
23 4
24 6
66 21
10 24
14 68
56 41
14 21
40 47
9 16
85 34
96 20
13 50
26 9
26 20
60 39
37 98
50 32
88 97
39 94
77 70
19 45
73 38
3 80
19 60
7 75
3 1
88 38
36 24
52 17
78 9
18 31
36 90
5 17
19 71
44 8
18 80
61 18
79 50
69 6
76 83
66 81
3 97
43 70
61 100
82 2
9 82
42 6
1 80
89 28
18 12
45 38
84 39
39 23
61 48
64 54
53 23
42 4
17 82
22 68
53 2
84 4
46 22
69 100
7 98
11 56
53 64
31 36
38 55
45 38
53 44
42 44
88 64
42 100
62 2
71 62
74 55
70 81
69 2
60 94
8 87
91 97
14 82
24 38
12 6
95 16
15 56
88 37
57 5
97 59
18 31
67 55
68 63
88 48
84 62
49 34
7 87
59 67
80 74
2 74
74 37
73 87
78 99
97 36
71 39
44 48
64 73
3 28
3 44
88 97
31 62
71 35
69 8
59 38
57 99
14 63
13 27
23 89
67 75
10 87
42 23
61 67
7 87
3 97
44 48
24 6
24 54
19 74
60 24
51 20
88 3
53 94
2 64
23 91
10 2
79 83
75 6
15 81
85 41
69 98
8 28
13 17
19 67
43 85
60 98
23 90
8 75
73 8
39 24
3 67
2 28
60 39
72 50
43 16
42 1
31 28
91 6
24 35
26 83
56 76
94 24
91 8
70 26
2 45
39 75
16 68
23 2
85 22
17 62
51 45
16 80
68 74
90 35
78 84
26 40
66 23
34 44
11 90
22 6
25 50
13 94
79 68
72 35
60 67
21 53
80 67
39 69
21 41
19 54
40 62
81 64
74 73
33 90
60 54
23 73
85 98
46 71
81 69
100 330 60
77 21
38 36
84 61
58 85
30 71
10 11
27 78
50 11
93 86
42 11
97 48
30 51
7 14
6 85
30 7
58 41
84 64
75 16
25 11
46 40
38 13
36 87
97 99
22 92
15 97
28 35
84 94
49 91
59 82
84 69
19 54
32 5
35 18
69 72
28 18
77 78
71 72
51 1
20 18
43 36
6 97
7 85
28 97
43 61
37 13
6 70
63 49
42 64
29 39
55 45
30 57
84 69
87 70
42 70
26 17
42 41
57 41
82 17
60 38
93 100
21 40
51 83
84 85
14 1
47 70
12 68
43 64
75 4
43 1
9 2
70 99
58 91
35 72
38 7
75 93
28 83
63 69
72 99
50 97
53 73
5 62
72 87
61 25
49 48
91 23
57 91
74 9
28 72
87 97
66 24
61 72
28 1
26 16
88 7
96 46
35 84
36 58
2 3
25 51
24 45
30 61
6 51
75 34
47 83
42 50
20 25
6 11
93 52
43 9
74 11
7 51
63 69
63 38
2 23
77 68
5 98
44 54
20 51
25 51
57 85
28 72
14 6
31 89
100 27
69 64
65 40
44 40
43 70
36 72
10 11
69 99
30 81
89 17
33 90
49 50
91 20
1 2
81 14
57 69
7 61
52 65
71 42
12 55
42 87
51 2
56 67
30 35
1 11
51 41
30 61
99 31
94 70
41 64
59 39
68 46
8 53
75 34
35 61
60 30
39 52
6 10
99 5
99 67
59 17
22 90
31 54
44 73
56 17
56 40
77 96
57 64
22 66
100 79
52 24
43 91
56 95
66 82
80 86
71 99
5 55
58 9
28 25
73 86
92 39
31 100
39 17
6 64
39 24
7 61
39 44
39 27
29 80
17 24
38 64
32 27
9 41
12 73
60 63
75 59
12 55
5 90
3 70
8 62
14 69
81 13
9 97
13 97
75 55
51 18
30 49
31 29
31 93
56 98
27 78
99 93
82 62
17 95
89 52
59 65
88 6
32 77
99 86
22 12
7 97
56 44
31 59
27 62
85 9
5 26
89 34
30 99
44 82
92 73
32 93
26 24
93 77
89 22
90 80
22 86
16 68
92 4
99 56
7 14
94 41
50 87
84 9
92 96
44 54
93 73
16 34
31 92
56 22
34 65
30 87
39 80
21 4
56 19
32 12
38 3
93 73
90 79
22 52
29 45
59 27
22 98
56 89
100 24
60 58
100 68
76 100
34 65
33 46
31 65
87 18
30 20
65 46
36 49
89 96
19 21
88 13
81 71
39 67
66 4
32 76
56 86
73 79
42 6
26 73
19 90
73 65
59 27
29 82
96 45
32 62
31 21
29 68
82 54
93 46
26 65
100 68
70 68
60 38
57 95
64 92
10 96
1 16
2 23
96 46
39 34
25 13
81 67
87 66
87 12
15 13
84 100
15 65
28 31
61 16
84 32
38 39
84 82
41 22
97 26
57 61
72 33
70 26
76 68
47 1
3 18
12 68
100 330 69
6 9
58 96
14 11
80 66
34 99
34 17
19 25
41 87
5 47
77 61
74 17
92 100
71 49
20 21
60 95
76 7
97 66
92 58
44 11
75 31
57 90
15 40
62 22
10 96
14 25
18 53
10 58
99 26
80 63
38 67
19 49
66 63
79 96
80 96
15 54
24 49
19 58
31 60
44 37
51 36
57 79
30 21
10 7
17 100
55 67
72 19
39 26
62 19
26 100
14 6
6 9
36 58
34 58
60 89
57 50
25 36
20 14
20 22
81 85
28 1
9 26
65 43
57 3
51 90
28 40
94 38
72 37
33 7
41 70
80 26
72 26
97 92
33 63
3 11
54 70
34 37
59 42
8 16
78 43
69 90
14 63
20 45
99 44
57 45
9 90
94 68
99 25
17 25
86 66
69 100
57 36
50 58
90 96
51 29
92 63
39 96
2 73
66 71
3 22
47 53
72 98
86 37
86 21
91 46
39 96
99 66
34 86
76 10
5 84
97 98
99 97
72 26
7 100
17 90
93 64
74 58
10 96
4 21
67 52
10 63
83 27
33 71
86 29
44 100
5 89
86 30
57 21
34 98
80 98
57 90
86 37
12 71
100 11
29 64
84 2
22 13
15 68
40 42
20 86
21 100
69 66
3 39
22 39
44 39
5 31
57 25
34 98
3 97
75 56
19 96
8 38
8 5
3 58
17 58
81 35
19 10
79 7
73 60
28 54
59 84
89 35
73 42
92 96
5 61
26 17
1 43
38 95
91 70
93 28
83 73
69 51
10 4
14 51
18 16
8 31
16 54
39 26
73 89
32 56
27 68
5 31
93 18
70 27
16 27
13 92
91 54
55 48
8 53
13 79
80 100
49 96
18 67
15 53
28 87
93 23
41 82
5 70
91 68
39 9
51 17
45 7
54 88
8 56
55 84
23 81
91 5
78 35
78 23
55 56
10 86
59 65
52 56
73 89
19 86
4 90
92 29
69 45
88 82
73 27
29 52
16 84
65 43
1 27
12 44
67 56
67 42
62 80
34 13
66 58
13 51
28 15
52 53
3 24
38 64
16 83
91 54
27 85
2 89
45 21
65 52
55 28
3 26
41 93
38 35
46 56
35 68
20 36
5 67
91 83
57 30
47 82
8 60
29 85
88 81
10 90
28 84
73 68
32 16
47 70
77 82
45 19
55 42
55 1
93 67
29 60
28 85
8 94
95 35
78 84
41 94
8 32
42 48
91 78
15 31
15 87
5 68
78 67
86 44
59 67
2 95
55 82
3 4
31 95
60 82
91 8
78 77
5 38
78 94
93 52
2 42
83 77
89 52
5 31
77 52
34 71
78 60
64 61
28 94
91 52
60 27
49 40
69 52
27 53
20 99
45 54
50 4
9 98
55 64
41 48
4 43
98 31
76 51
40 42
80 85
72 77
36 7
66 11
55 1
17 32
72 100
18 23
97 16
18 81
32 35
74 61
51 61
17 21
69 28
82 48
18 84
100 330 96
25 56
41 29
36 47
80 30
14 4
47 71
41 29
75 6
46 22
75 46
80 22
80 40
37 8
46 27
25 10
88 1
47 22
100 77
80 21
96 59
75 16
82 93
64 54
46 72
41 6
88 6
50 99
45 27
50 92
89 52
56 2
81 56
13 53
37 47
43 64
31 92
84 61
41 16
15 34
75 68
19 92
78 34
88 56
41 45
37 17
56 28
16 86
26 34
49 41
24 68
80 2
75 8
19 67
49 81
93 17
96 47
68 97
36 7
81 17
29 100
88 11
88 77
96 38
92 83
80 40
93 79
82 32
59 97
41 79
36 30
93 45
93 68
56 79
100 11
9 17
11 62
7 27
51 66
42 91
19 43
40 77
27 22
10 80
68 97
60 85
88 23
33 80
10 27
19 55
9 29
36 32
96 20
11 89
24 95
32 21
86 22
7 86
72 56
82 24
82 29
28 23
48 54
10 28
80 6
86 80
9 41
48 83
27 97
16 100
46 7
69 43
96 80
96 93
29 72
80 71
81 21
72 77
92 85
93 59
29 79
49 16
38 68
96 6
78 84
60 43
95 23
74 66
11 65
96 22
3 98
100 2
47 100
68 2
75 40
73 52
62 64
76 43
44 63
60 98
9 59
75 32
36 2
6 8
92 52
25 33
30 56
1 47
78 14
30 2
86 24
79 23
48 26
9 80
52 64
42 91
31 52
15 14
74 4
62 61
62 69
44 51
90 31
70 78
5 63
42 58
86 2
60 64
21 23
45 8
5 76
22 21
90 13
92 83
78 57
62 85
93 71
91 39
8 71
85 65
42 39
47 2
66 43
70 65
60 15
42 13
83 98
74 15
12 65
90 54
82 41
26 98
73 99
48 26
92 64
12 14
48 84
15 13
50 61
4 43
19 53
69 50
44 5
66 53
48 65
25 6
65 64
53 98
57 3
5 14
5 65
70 65
29 45
15 92
32 11
44 83
44 53
60 13
69 94
94 54
30 59
88 40
40 22
12 83
52 64
92 39
13 73
11 43
61 64
39 3
52 85
78 84
40 23
87 66
51 54
12 4
99 66
7 95
18 26
5 55
12 63
96 40
83 66
90 14
81 72
77 22
12 73
83 66
52 64
44 43
78 34
92 4
15 55
14 76
58 74
48 57
48 84
49 86
58 60
50 52
92 67
81 32
13 84
18 13
26 54
93 21
99 43
75 97
5 39
4 61
100 23
14 98
29 23
58 15
66 65
13 83
75 28
16 11
81 71
4 61
61 53
9 32
41 21
49 9
37 97
89 51
63 34
60 50
62 91
78 26
99 84
20 17
9 17
31 54
99 26
76 4
65 3
25 33
13 57
19 5
88 71
41 59
24 98
2 34
72 52
75 79
83 51
68 99
48 39
28 91
33 99
45 73
71 97
8 66
58 91
62 87
35 4
59 95
38 98
68 2
45 100
16 47
59 74
46 16
56 66
11 99
35 65
9 3
90 67
83 34
35 57
100 400 23
48 28
23 46
23 46
89 14
23 46
23 46
2 5
23 46
23 46
23 46
23 46
23 46
65 21
23 46
53 40
23 46
23 46
23 46
23 46
23 46
23 46
23 46
33 20
23 46
23 46
23 46
23 46
88 20
12 68
4 60
23 46
23 46
23 46
19 50
23 46
23 46
23 46
23 46
23 46
40 83
23 46
23 46
23 46
86 77
23 46
23 46
23 46
23 46
23 46
23 46
84 45
23 46
23 46
23 46
23 46
23 46
23 46
23 46
11 56
96 2
15 67
23 46
23 46
23 46
23 46
23 46
23 46
51 16
71 67
12 15
23 46
23 46
23 46
23 46
23 46
23 46
23 46
23 46
23 46
23 46
23 46
23 46
23 46
23 46
23 46
23 46
23 46
23 46
23 46
23 46
23 46
23 46
23 46
16 42
23 46
23 46
23 46
4 64
27 11
23 46
23 46
23 46
23 46
23 46
23 46
23 46
23 46
23 46
23 46
36 18
23 46
23 46
23 46
23 46
23 46
24 5
23 46
23 46
23 46
23 46
94 74
23 46
23 46
23 46
23 46
23 46
33 37
23 46
23 46
23 46
23 46
23 46
23 46
48 52
23 46
75 74
23 46
8 11
23 46
23 46
23 46
23 46
23 46
23 46
23 46
23 46
9 29
23 46
23 46
23 46
23 46
23 46
23 46
23 46
23 46
23 46
23 46
23 46
23 46
23 46
3 65
44 2
23 46
31 83
33 10
47 49
23 46
23 46
23 46
23 46
23 46
23 46
57 34
23 46
23 46
35 81
60 40
37 50
23 46
23 46
14 92
23 46
23 46
65 68
23 46
23 46
23 46
23 46
23 46
23 46
23 46
35 88
23 46
23 46
33 65
23 46
64 68
23 46
23 46
23 46
41 13
27 60
56 10
19 51
17 70
23 46
23 46
14 95
23 46
6 2
28 91
47 68
86 42
31 34
28 91
57 76
23 46
23 46
47 42
4 49
72 79
47 54
77 88
23 46
75 62
56 7
38 98
23 46
23 46
23 46
21 62
36 11
4 92
44 62
23 46
82 29
32 40
44 10
23 46
97 79
78 66
23 46
23 46
89 10
35 57
47 5
51 67
77 85
88 98
23 46
61 66
79 30
82 31
8 16
60 18
33 17
23 46
97 85
65 36
1 34
89 58
25 91
8 19
58 91
23 46
23 46
55 24
36 18
26 87
11 81
27 52
85 40
23 46
35 77
23 46
6 18
59 32
13 78
23 46
12 88
71 91
82 37
23 46
3 93
67 74
8 10
6 100
9 100
23 46
1 73
87 5
19 58
71 69
23 46
74 32
57 9
63 2
35 37
40 83
7 49
87 38
73 92
23 46
73 84
37 28
70 83
59 65
23 46
80 47
82 53
14 99
14 66
23 46
23 46
23 46
11 70
16 58
31 100
23 46
86 56
56 5
23 46
40 52
22 44
41 66
52 81
56 74
12 60
96 50
26 65
22 79
23 46
57 14
57 47
2 55
49 21
62 90
11 60
2 92
23 46
44 25
61 66
77 12
20 30
7 38
57 93
73 30
23 46
26 30
43 54
23 46
87 32
72 66
23 46
64 58
23 46
59 17
23 46
34 99
22 58
9 92
33 94
93 18
33 19
33 78
63 2
13 65
100 52
35 54
88 40
72 19
75 79
23 46
23 46
31 17
12 53
38 68
77 98
73 30
23 46
49 18
33 45
35 92
27 28
31 50
23 46
16 9
14 18
76 78
23 46
23 46
82 17
11 37
53 70
89 49
57 5
91 69
82 58
11 45
23 46
100 400 81
81 57
81 57
81 57
17 24
81 57
81 57
81 57
81 57
40 58
81 57
81 57
81 57
81 57
81 57
36 63
81 57
81 57
36 33
81 57
81 57
81 57
81 57
86 32
81 57
81 57
81 57
81 57
81 57
45 44
81 57
81 57
73 14
81 57
81 57
48 58
81 57
81 57
81 57
81 57
81 57
81 57
81 57
85 90
81 57
39 8
81 57
81 57
81 57
81 57
24 4
81 57
81 57
81 57
81 57
81 57
38 16
81 57
81 57
81 57
81 57
21 48
81 57
81 57
81 57
81 57
81 57
81 57
81 57
81 57
81 57
81 57
81 57
81 57
81 57
81 57
83 89
81 57
30 99
81 57
81 57
81 57
81 57
81 57
81 57
81 57
81 57
81 57
81 57
44 85
81 57
81 57
81 57
81 57
64 65
81 57
81 57
81 57
100 59
81 57
81 57
81 57
81 57
81 57
81 57
93 85
55 68
81 57
81 57
24 14
81 57
81 57
81 57
81 57
81 57
81 57
81 57
81 57
81 57
81 57
81 57
81 57
23 58
36 99
81 57
81 57
81 57
81 57
81 57
81 57
81 57
75 35
81 57
81 57
81 57
24 100
36 89
41 18
81 57
81 57
81 57
81 57
81 57
81 57
81 57
81 57
81 57
81 57
81 57
52 66
64 94
81 57
81 57
81 57
41 100
81 57
81 57
81 57
43 97
77 23
42 80
79 85
81 57
81 57
81 57
81 57
81 57
81 57
81 57
77 30
81 57
81 57
81 57
88 87
81 57
79 37
81 57
81 57
81 57
81 57
81 57
81 57
81 57
81 57
41 96
81 57
56 78
81 57
81 57
81 57
81 57
81 57
81 57
81 57
81 57
81 57
81 57
81 57
81 57
81 57
81 57
71 32
56 50
37 29
37 68
64 58
81 57
81 57
70 10
10 55
18 52
22 48
75 82
62 52
100 87
69 32
70 4
22 14
72 2
73 60
81 57
93 50
34 68
17 34
86 19
38 1
91 96
86 50
16 27
43 34
75 98
59 33
81 57
17 37
46 9
21 48
81 57
5 68
22 15
64 66
43 32
15 68
81 57
24 89
81 57
81 57
38 27
63 16
28 33
83 71
33 71
31 98
24 68
62 43
98 97
81 57
5 70
22 1
81 57
50 19
81 57
45 28
35 60
7 51
75 5
34 13
78 1
28 11
36 87
40 88
35 80
5 25
22 26
64 58
6 35
81 57
30 18
45 47
21 23
41 68
93 14
3 80
5 34
19 11
81 57
93 100
21 3
81 57
65 84
10 91
53 4
43 9
6 51
81 57
4 34
81 57
92 54
41 68
81 57
46 90
86 84
41 37
81 57
81 57
81 57
30 46
81 57
5 33
81 57
10 83
33 18
53 73
81 57
41 56
42 33
67 98
43 13
83 78
37 13
33 68
65 89
17 98
43 14
64 80
81 57
43 96
44 2
71 9
34 13
28 8
81 57
42 89
17 51
93 63
67 76
25 90
62 8
93 47
63 11
53 77
73 15
70 80
72 59
81 57
53 73
81 57
56 50
81 57
10 18
81 57
92 97
82 56
98 66
53 30
69 46
72 43
74 71
17 62
49 76
81 57
46 66
30 13
74 26
81 57
30 32
10 69
94 86
21 50
31 84
82 88
81 57
81 57
81 57
77 82
81 57
74 60
99 2
72 95
78 15
3 96
81 57
17 61
16 76
41 80
96 97
81 57
83 39
81 57
81 57
37 39
88 12
50 11
7 77
72 83
6 46
100 95
20 94
41 37
69 20
30 11
52 14
100 400 81
4 64
19 3
81 14
81 14
81 14
81 14
81 14
81 14
71 78
81 14
81 14
81 14
81 14
81 14
81 14
81 14
81 14
81 14
81 14
81 14
81 14
13 78
33 99
81 14
81 14
81 14
81 14
81 14
81 14
6 17
81 14
81 14
81 14
81 14
81 14
81 14
81 14
81 14
81 14
81 14
81 14
81 14
81 14
81 14
81 14
81 14
81 14
81 14
81 14
81 14
81 14
81 14
81 14
81 14
81 14
81 14
81 14
81 14
55 20
81 14
81 14
81 14
81 14
81 14
81 14
81 14
81 14
81 14
18 35
81 14
81 14
81 14
81 14
81 14
81 14
81 14
81 14
59 12
81 14
81 14
81 14
81 14
81 14
81 14
81 14
81 14
81 14
81 14
81 14
81 14
78 99
81 14
21 95
26 48
13 49
81 14
16 7
81 14
81 14
81 14
81 14
81 14
81 14
81 14
19 68
81 14
81 14
81 14
81 14
81 14
81 14
81 14
81 14
81 14
82 35
81 14
81 14
22 88
81 14
81 14
81 14
81 14
81 14
81 14
81 14
81 14
81 14
81 14
81 14
81 14
36 67
81 14
81 14
81 14
93 90
81 14
2 85
81 14
81 14
81 14
81 14
81 14
81 14
81 14
24 100
81 14
81 14
81 14
84 64
81 14
81 14
81 14
81 14
81 14
81 14
81 14
81 14
81 14
81 14
81 14
4 11
81 14
81 14
81 14
81 14
81 14
81 14
81 14
97 15
81 14
81 14
81 14
65 2
81 14
81 14
81 14
81 14
70 30
81 14
17 15
81 14
81 14
93 5
59 53
81 14
81 14
81 14
96 78
81 14
81 14
81 14
81 14
81 14
81 14
81 14
6 33
89 26
81 14
81 14
81 14
31 1
97 91
13 33
65 9
20 67
90 52
13 96
23 47
8 49
34 10
17 47
6 20
48 85
13 25
34 75
65 61
81 14
16 44
23 69
37 21
4 29
95 56
32 36
81 14
52 41
96 1
81 14
46 61
90 74
81 14
84 46
54 60
78 59
5 75
96 38
36 69
37 36
81 14
81 14
54 99
49 99
15 27
46 62
97 85
84 89
15 87
98 9
81 14
81 14
81 14
81 14
13 18
33 43
68 98
13 43
76 100
86 93
96 52
22 67
80 3
82 34
63 92
36 31
5 10
81 14
75 9
63 53
81 14
97 7
8 89
16 9
84 60
86 12
15 41
22 67
81 14
60 41
87 43
81 14
73 33
79 51
72 67
76 28
93 7
77 55
63 31
58 62
8 26
77 1
28 2
69 98
39 87
71 16
81 14
63 67
78 3
81 14
61 91
84 80
23 52
24 48
39 35
24 42
25 41
29 76
81 14
26 49
38 41
13 72
81 14
4 23
34 7
79 87
65 74
13 18
81 14
66 17
82 88
96 36
81 14
93 88
66 98
8 63
11 61
58 65
5 22
8 56
32 31
47 35
25 72
81 14
66 39
65 47
88 52
21 36
81 14
65 72
37 35
46 63
77 38
20 15
20 87
81 14
13 25
68 97
81 14
79 16
13 54
21 62
20 74
49 51
37 22
46 67
62 1
69 92
53 15
37 12
8 15
42 27
98 87
48 16
81 14
28 42
4 70
70 23
26 31
81 14
81 14
37 68
81 14
76 51
74 43
81 14
81 14
8 52
89 97
95 49
59 56
83 91
71 88
81 14
11 15
32 10
18 88
37 59
90 80
86 19
59 99
59 7
58 2
8 57
88 12
84 51
21 38
23 10
76 57
81 14
26 52
97 41
93 9
0 0 0
