100 0 100
5 6 1
3 4
1 2
1 4
2 4
4 5
1 2
5 6 2
3 5
3 5
2 3
2 4
1 4
2 4
5 6 3
3 1
1 4
3 2
1 4
3 2
4 5
5 6 4
3 5
3 5
2 5
2 3
4 3
2 3
5 6 5
5 4
4 1
3 4
3 4
4 1
5 4
5 6 1
3 5
2 4
1 4
4 5
4 5
1 4
5 6 2
1 3
2 5
1 3
2 4
3 5
2 4
5 6 3
4 5
3 1
2 1
1 5
1 5
3 4
5 6 4
4 2
4 5
2 1
3 5
2 3
2 1
5 6 5
4 1
5 4
5 1
5 1
5 1
5 1
20 10 1
2 19
11 15
4 18
2 5
11 18
8 12
8 11
10 16
4 12
3 8
20 10 3
8 11
3 12
3 6
6 9
6 11
11 20
1 5
17 20
4 14
13 17
20 10 5
9 13
7 17
8 20
14 20
1 18
4 9
5 13
15 19
7 19
4 17
20 10 7
18 20
16 17
3 4
13 14
3 17
10 16
6 11
9 16
12 13
3 20
20 10 9
2 18
1 13
6 16
11 15
10 19
5 6
16 20
6 19
6 17
9 3
20 10 11
6 10
6 9
9 12
10 18
8 20
16 18
8 9
12 19
4 18
8 14
20 10 13
2 6
6 14
4 17
10 17
15 19
8 17
4 15
3 8
8 10
10 12
20 10 15
1 19
3 11
6 17
2 9
3 5
7 17
15 14
6 12
10 14
2 3
20 10 17
10 12
9 19
10 16
17 2
12 18
1 20
13 16
10 18
10 19
2 11
20 10 19
6 14
6 14
11 13
4 13
12 15
4 8
11 12
3 5
6 9
7 8
10 9 1
1 2
2 3
3 4
4 5
5 6
6 7
7 8
8 9
9 10
30 29 28
28 24
24 1
1 21
21 11
11 19
19 2
2 13
13 30
30 9
9 20
20 17
17 14
14 3
3 4
4 10
10 5
5 22
22 27
27 26
26 18
18 15
15 6
6 23
23 12
12 25
25 29
29 8
8 16
16 7
50 49 25
25 6
6 36
36 27
27 13
13 7
7 33
33 1
1 38
38 42
42 19
19 50
50 45
45 15
15 23
23 46
46 10
10 47
47 34
34 14
14 44
44 48
48 29
29 20
20 8
8 43
43 39
39 5
5 26
26 40
40 22
22 18
18 11
11 16
16 24
24 17
17 21
21 9
9 28
28 3
3 35
35 2
2 12
12 41
41 4
4 32
32 30
30 31
31 37
37 49
10 9 1
9 10
8 9
7 8
6 7
5 6
4 5
3 4
2 3
1 2
30 29 8
1 19
23 1
2 23
26 2
30 26
24 30
20 24
10 20
21 10
11 21
27 11
12 27
22 12
29 22
28 29
16 28
4 16
6 4
3 6
18 3
14 18
5 14
25 5
7 25
15 7
17 15
13 17
9 13
8 9
50 49 43
23 2
18 23
12 18
27 12
46 27
11 46
33 11
29 33
35 29
24 35
34 24
50 34
22 50
3 22
45 3
38 45
39 38
28 39
21 28
8 21
16 8
36 16
6 36
19 6
48 19
25 48
47 25
15 47
30 15
5 30
17 5
41 17
14 41
4 14
40 4
20 40
13 20
49 13
26 49
1 26
44 1
42 44
7 42
37 7
10 37
32 10
31 32
9 31
43 9
100 80 10
14 25
1 41
49 63
26 87
36 47
12 59
41 51
22 46
49 85
36 70
10 33
4 6
50 95
27 55
32 82
27 65
41 49
14 91
8 61
33 89
28 62
3 67
13 53
15 77
33 49
25 39
10 44
35 47
54 98
20 46
45 100
24 48
73 88
42 84
20 26
91 95
2 20
55 66
63 87
47 99
51 90
39 51
22 100
40 73
20 21
3 15
37 53
24 27
75 94
17 25
3 27
11 100
10 17
13 35
67 88
64 77
6 12
10 42
17 24
8 26
79 94
24 69
3 92
52 89
8 81
2 75
72 96
9 57
15 37
53 95
8 75
52 74
39 54
57 58
27 38
43 59
19 72
12 87
50 57
29 62
100 1000 10
36 50
66 76
24 63
56 85
63 92
18 98
23 92
67 100
1 97
2 68
4 51
22 26
27 50
21 22
21 81
37 98
16 29
4 38
9 17
14 91
31 35
37 86
34 64
36 63
1 47
49 63
66 76
2 99
32 46
77 90
8 67
8 21
40 73
4 33
58 59
64 95
75 97
8 1
47 77
24 29
19 99
8 77
52 79
8 45
7 66
45 78
19 81
90 91
22 69
19 45
67 99
10 46
44 76
49 79
5 47
5 60
13 30
3 83
58 89
3 89
9 67
16 81
36 38
54 67
42 59
18 35
2 92
64 92
15 16
16 22
79 83
1 85
29 37
11 99
33 86
28 30
48 86
61 100
50 57
70 79
85 100
52 67
22 69
16 40
19 50
75 97
45 55
32 80
24 98
58 78
41 70
41 68
18 39
7 82
27 91
23 45
13 39
64 68
68 72
56 93
15 37
70 86
4 81
32 73
32 88
20 46
7 9
16 75
9 89
54 100
84 90
19 65
15 52
2 8
26 31
70 94
13 31
58 65
11 12
37 41
24 98
81 84
4 95
37 86
54 78
54 58
38 70
95 98
22 88
64 73
3 75
93 97
7 79
26 85
27 76
20 100
11 45
33 45
2 75
71 78
65 99
16 48
9 14
83 99
36 50
30 45
40 49
18 45
25 56
33 35
21 84
2 47
33 73
1 72
4 49
71 92
6 70
67 88
16 61
30 50
17 44
11 95
6 88
15 29
11 80
3 7
65 98
41 52
39 70
16 89
27 78
41 42
26 100
8 64
13 92
14 55
34 63
44 89
45 73
16 42
89 95
30 67
31 86
11 82
93 97
26 98
25 50
48 55
4 94
48 85
4 100
3 52
22 43
35 46
10 57
23 26
41 66
28 50
11 65
33 45
6 98
38 47
7 35
55 96
11 73
73 85
34 46
53 81
7 12
3 67
55 82
29 75
40 54
30 47
67 74
21 100
59 91
66 95
20 55
2 72
11 29
54 80
94 100
45 77
14 69
12 55
41 73
51 84
28 62
40 73
96 97
33 70
36 67
39 67
13 56
10 80
39 88
64 72
45 49
4 85
14 25
50 90
12 57
36 48
78 83
9 91
61 81
89 100
1 78
8 34
18 55
35 65
72 73
79 82
6 41
78 97
24 63
25 46
1 66
69 72
35 56
24 98
3 45
4 16
42 44
68 93
56 93
34 43
27 35
26 42
27 29
72 75
22 96
63 97
40 64
53 98
37 53
52 96
13 81
65 96
20 65
23 41
13 38
6 26
12 69
59 77
34 80
13 29
69 88
7 67
45 68
38 55
58 80
22 28
63 80
8 80
40 66
14 83
12 44
12 35
6 98
46 93
34 68
15 54
90 91
38 70
32 54
61 93
84 90
34 40
30 83
27 100
14 100
47 82
46 55
31 65
52 69
42 75
41 75
53 59
47 66
24 71
56 66
52 85
64 98
19 52
51 79
4 44
73 74
59 66
24 33
25 58
63 85
37 85
11 64
19 87
11 62
28 57
27 52
56 91
19 43
96 100
39 57
42 68
12 29
65 79
44 68
67 100
67 68
18 59
86 89
54 95
65 67
55 100
19 25
6 12
39 56
5 24
28 91
31 92
82 83
6 91
18 90
38 86
66 76
78 85
37 45
40 100
69 96
52 61
49 66
32 81
5 1
30 65
27 85
1 100
53 89
7 68
42 55
20 73
5 97
33 98
70 92
21 48
26 66
50 71
39 87
38 91
7 92
38 90
6 31
67 68
48 57
1 94
1 37
19 74
27 71
39 71
48 51
7 61
86 90
31 88
2 87
46 47
59 76
17 82
26 82
22 99
17 66
27 80
95 97
64 70
55 57
13 61
68 89
9 70
31 82
63 90
2 3
1 35
38 91
66 97
73 86
32 42
35 73
17 68
16 91
14 87
32 67
16 63
40 69
80 86
1 47
33 93
18 95
53 56
37 55
2 14
42 66
28 63
39 64
74 89
75 81
16 50
5 50
40 83
66 96
27 44
70 73
17 92
52 58
91 97
39 40
4 84
84 100
27 58
5 73
20 51
15 25
13 61
37 90
37 55
50 59
21 49
5 67
58 92
12 52
55 98
15 78
32 95
33 88
3 100
33 45
80 99
2 33
12 38
77 86
11 65
43 51
45 49
12 99
12 95
28 82
73 84
9 75
46 89
19 50
14 16
65 76
68 86
19 79
30 85
19 27
53 65
32 69
18 53
57 80
19 44
20 70
45 57
37 81
53 98
65 88
15 21
8 55
24 71
41 89
10 100
51 82
39 88
24 60
48 55
11 88
13 97
24 76
70 82
59 90
31 65
1 45
88 92
47 91
27 93
13 14
3 91
29 82
31 90
87 100
65 76
70 72
16 32
10 86
61 99
22 76
18 76
56 60
76 77
19 20
33 34
23 58
42 46
60 65
17 76
29 30
39 54
88 90
23 74
55 71
13 34
73 88
13 78
22 66
51 100
53 93
18 36
20 68
5 41
5 65
35 73
88 89
1 59
28 87
2 59
12 25
64 82
53 94
81 94
82 88
31 70
59 73
59 81
9 67
10 21
47 58
31 57
31 62
17 39
35 48
5 59
14 66
29 75
47 74
9 92
22 23
11 24
14 99
19 85
10 79
45 70
49 90
12 19
19 34
67 83
44 82
12 95
3 55
16 65
2 62
38 59
42 90
22 88
37 92
36 95
18 45
5 8
21 75
66 100
22 43
4 88
62 71
17 50
30 32
17 95
31 37
54 98
31 39
51 53
11 99
4 18
73 85
23 26
61 63
35 83
42 99
40 46
42 81
65 92
8 70
46 62
67 92
33 88
75 85
84 100
69 72
13 90
48 58
89 99
26 44
21 94
61 89
69 82
59 62
6 94
22 97
63 86
3 62
20 94
37 64
61 62
29 65
2 48
39 88
11 53
15 95
29 58
11 19
23 28
26 46
22 81
7 55
28 29
62 80
25 27
9 86
22 72
6 96
15 94
15 33
10 52
44 57
75 82
41 84
55 87
11 76
12 77
21 40
27 81
10 89
4 88
5 25
82 95
54 87
23 40
46 87
80 95
35 71
81 98
27 57
67 85
75 81
53 97
63 76
30 42
58 63
30 77
78 90
30 59
19 57
6 51
20 58
13 68
2 59
44 61
4 33
74 82
39 44
51 76
1 79
41 42
13 70
17 21
37 52
52 67
90 91
10 72
9 14
29 88
2 91
32 99
26 65
40 85
5 61
23 47
44 88
3 6
85 99
20 98
19 80
22 91
29 67
46 92
2 72
8 98
27 52
80 92
22 57
58 65
58 85
9 78
67 73
27 43
38 99
5 12
34 81
91 97
20 84
21 94
51 57
30 85
50 76
34 40
39 69
54 89
42 68
25 100
18 98
61 82
2 59
18 69
27 48
23 93
86 87
88 92
11 86
31 98
89 92
34 37
55 61
7 45
19 72
15 52
1 54
14 53
82 99
34 77
31 59
9 99
6 100
22 78
5 83
38 40
37 67
13 89
52 94
2 28
61 70
65 70
40 56
62 73
53 79
3 52
9 90
49 90
38 99
11 64
62 69
19 77
41 42
8 81
51 80
58 60
71 85
71 77
25 47
19 72
61 78
87 91
23 72
39 54
40 70
20 61
19 81
23 68
56 82
20 49
28 74
46 58
15 30
48 81
32 67
33 57
4 85
84 88
48 90
43 91
13 89
49 76
10 96
71 77
54 55
41 44
27 41
19 51
4 12
38 55
4 94
35 83
28 41
74 93
35 40
8 94
30 81
9 83
40 88
8 41
12 17
33 95
21 30
17 56
26 30
72 83
13 89
26 62
74 89
37 86
14 89
23 78
60 63
34 91
53 63
32 96
7 11
10 5
17 30
43 99
26 91
17 34
39 100
3 74
63 91
6 71
29 99
3 9
36 89
76 90
25 33
36 64
71 73
12 67
32 81
9 92
19 81
1 43
25 33
21 31
9 100
14 83
8 45
24 37
19 36
32 42
6 83
23 67
31 42
35 82
17 59
45 64
75 96
93 96
4 93
64 70
5 43
18 88
5 7
44 55
43 81
18 23
29 39
4 75
3 42
16 90
31 51
36 52
22 88
30 72
77 85
36 50
23 86
21 92
33 83
24 87
2 4
58 97
62 93
14 33
34 76
18 48
42 44
95 96
50 60
36 40
31 98
56 70
18 99
61 86
72 94
19 64
83 99
49 50
46 71
32 40
24 58
26 76
49 76
42 81
68 91
41 53
61 96
11 99
5 18
6 50
20 43
13 58
50 65
15 32
86 97
59 67
16 69
6 68
22 48
20 73
18 65
27 94
36 94
40 64
24 75
52 67
2 68
64 66
1 63
13 46
14 100
4 40
2 73
34 78
20 49
25 60
40 92
31 49
66 95
4 79
12 67
1 13
32 50
36 54
42 78
31 87
63 97
5 89
4 22
43 87
12 35
22 28
2 3
35 66
41 47
40 42
2 32
75 95
59 69
30 85
100 330 9
70 83
98 60
12 96
2 90
72 13
3 19
35 26
39 52
66 19
64 41
67 36
52 56
53 2
75 56
39 74
68 94
11 57
54 56
49 90
15 41
82 60
88 59
82 35
23 85
76 37
88 34
70 27
63 74
91 20
24 90
30 1
72 59
92 49
63 99
13 82
42 57
95 17
75 26
54 64
76 77
37 78
68 54
4 23
50 75
9 23
77 17
7 78
76 10
28 96
4 94
73 41
99 74
77 55
51 62
50 70
53 2
63 49
49 56
92 27
52 60
90 82
73 58
54 33
88 56
53 38
85 90
100 67
3 89
4 94
24 27
81 84
8 87
64 58
79 90
64 27
92 32
7 1
23 49
49 56
13 38
24 59
67 61
92 73
50 74
69 80
52 14
39 99
4 59
70 59
13 49
83 38
63 85
4 45
2 85
31 20
35 56
47 40
9 94
13 53
39 34
1 57
77 21
42 28
75 45
75 35
75 33
37 51
39 94
34 16
94 83
80 55
15 85
45 27
63 32
39 83
86 45
72 23
31 84
9 86
13 99
68 58
2 32
49 90
19 5
54 26
4 52
2 58
91 96
98 60
60 6
99 35
86 40
99 6
79 45
39 79
15 60
86 59
34 35
52 16
15 32
72 85
75 70
64 47
76 71
23 79
47 32
75 74
49 41
79 59
47 23
10 36
91 10
51 95
37 36
19 57
81 5
10 87
69 3
19 57
4 54
71 95
76 22
42 30
69 28
93 8
81 29
14 30
3 44
1 95
92 35
28 22
76 62
25 36
71 51
53 41
91 69
11 100
62 87
35 6
69 20
53 82
1 28
31 46
42 43
93 12
18 77
91 100
1 51
19 97
80 36
69 36
68 16
73 98
19 46
63 2
48 67
20 22
42 84
64 74
8 67
30 22
18 46
7 67
82 41
31 11
52 98
50 53
100 62
50 6
14 42
20 65
8 62
1 46
69 8
58 38
91 22
31 25
8 62
42 31
11 44
22 36
1 57
28 17
47 49
14 71
71 87
93 44
12 17
46 22
91 76
11 43
93 22
20 46
11 46
8 29
58 45
40 90
93 5
28 96
75 79
49 26
31 10
18 29
71 5
15 99
86 56
37 65
43 95
66 96
47 59
89 57
73 59
79 83
84 36
12 1
76 8
6 14
81 37
62 25
80 96
9 16
31 22
66 5
37 67
67 25
84 7
34 45
100 28
67 44
51 78
5 44
80 51
65 36
81 46
64 56
13 56
19 12
55 17
37 96
69 30
65 17
89 46
10 46
67 57
100 62
31 25
74 38
47 83
91 22
16 41
12 67
63 2
72 27
14 10
67 87
28 65
37 28
67 57
4 15
84 1
68 5
100 78
19 37
16 74
63 38
63 10
28 67
40 31
67 51
63 97
21 36
38 41
4 20
33 42
50 53
100 51
90 46
88 8
93 21
92 32
79 74
14 80
53 19
83 95
49 27
90 97
10 87
12 36
46 29
24 18
100 330 47
60 98
49 93
34 17
31 43
22 62
16 20
70 91
43 27
54 50
27 87
49 15
10 48
100 39
98 80
25 98
20 14
28 59
73 19
98 30
67 18
14 56
77 8
85 38
16 66
57 93
58 32
34 13
69 12
51 20
48 49
6 13
44 61
65 51
51 14
51 71
16 56
99 35
25 43
71 80
44 57
22 63
73 82
69 30
93 19
95 5
70 86
16 20
48 71
33 37
10 87
69 64
69 17
32 13
23 96
31 30
80 87
53 26
48 57
3 97
98 64
29 80
60 35
29 57
3 12
61 98
61 98
72 63
34 13
34 13
89 18
73 32
8 7
47 44
80 6
48 87
53 70
77 36
88 100
43 66
65 73
50 37
3 31
69 87
85 16
93 82
88 72
54 28
65 17
88 83
29 57
36 7
3 27
14 34
57 15
53 26
49 66
35 34
48 34
61 16
66 32
76 70
96 59
98 34
47 16
80 82
10 38
48 32
97 56
60 64
33 89
94 58
51 56
89 50
14 35
60 35
97 57
41 11
58 35
61 69
12 49
73 51
10 90
9 31
64 6
25 60
38 27
40 36
26 91
90 46
43 13
95 100
94 13
85 58
31 65
8 11
94 38
3 94
93 71
45 96
4 42
57 82
65 12
38 34
60 29
85 16
12 46
100 63
10 69
94 35
8 76
76 39
52 100
92 1
17 76
62 7
33 78
14 34
28 74
28 72
50 72
22 41
33 28
45 4
83 42
97 65
65 17
88 21
5 7
28 11
44 58
88 86
74 83
95 41
38 15
40 92
33 81
12 87
40 62
53 59
89 63
55 92
7 18
8 37
22 1
90 80
78 24
65 38
54 75
26 11
95 62
5 21
40 75
58 64
55 88
52 89
41 21
51 71
98 56
98 93
24 68
31 17
77 59
48 64
45 70
50 36
55 75
25 87
88 67
88 26
37 70
49 93
60 49
100 75
99 20
87 46
100 1
18 59
70 67
88 26
45 95
40 18
10 61
33 21
50 1
95 62
79 70
68 39
100 68
11 39
97 35
58 43
62 75
47 35
5 83
88 4
21 59
100 68
10 61
81 86
77 76
70 86
26 75
57 30
52 36
89 5
4 62
2 19
21 91
17 26
78 70
53 74
2 16
40 24
95 1
41 24
60 29
26 21
18 59
100 42
27 6
8 67
88 83
41 21
53 33
89 92
77 53
95 91
88 68
42 75
8 88
31 12
95 79
89 92
53 42
36 100
20 35
57 6
65 73
7 21
52 100
48 60
45 79
17 70
37 36
21 91
11 100
95 42
3 97
76 11
41 39
45 28
33 41
68 75
77 75
33 88
35 46
52 7
10 51
49 57
17 54
73 79
82 76
3 13
54 74
52 59
87 62
33 86
85 20
16 23
57 96
52 36
44 57
49 76
60 28
93 72
47 65
65 96
98 74
69 82
53 26
43 22
47 2
61 4
34 40
93 59
10 65
15 63
98 26
1 75
3 59
100 330 66
16 95
4 41
78 82
42 26
7 51
12 34
23 31
90 12
67 13
45 90
52 34
42 92
77 1
47 56
63 34
64 21
11 22
90 12
40 36
37 39
1 29
64 80
76 84
84 60
83 63
85 37
36 24
66 67
50 32
75 74
78 69
46 99
40 89
18 78
45 92
23 33
16 64
55 17
91 24
25 59
42 12
9 59
81 33
15 3
67 90
80 94
52 34
91 1
27 8
9 81
72 43
75 79
56 39
45 41
84 33
91 24
63 56
58 86
64 11
16 98
62 89
27 49
41 59
85 27
23 56
25 79
50 25
32 52
32 60
71 26
12 56
39 35
68 34
74 79
13 74
93 74
52 56
20 87
13 81
90 9
87 29
32 19
67 83
40 2
50 56
32 19
78 79
48 99
48 21
39 89
76 59
71 34
58 21
47 38
65 39
87 89
90 8
93 90
74 82
90 8
65 49
74 60
68 90
59 56
97 75
90 13
74 23
81 38
33 79
85 74
97 90
66 49
90 26
41 34
17 36
65 19
26 19
27 56
66 39
67 23
93 56
66 30
75 78
76 19
85 90
18 74
12 74
46 35
64 29
49 47
50 25
47 81
81 19
73 80
37 25
11 91
71 42
48 58
32 33
63 69
67 23
83 33
69 19
91 22
31 56
88 87
68 25
61 80
13 92
18 38
6 98
97 52
16 80
7 21
44 89
17 10
66 52
80 72
44 29
57 89
23 59
39 96
5 58
48 22
6 95
45 93
58 61
73 54
7 61
57 20
81 38
69 38
90 84
11 54
85 45
15 3
7 21
96 5
5 14
73 98
85 9
57 14
93 59
58 86
20 77
20 91
6 40
45 49
50 33
39 11
2 77
27 32
3 100
39 62
55 28
6 100
39 17
41 34
4 78
65 33
44 54
46 44
96 36
93 27
66 32
4 74
62 44
61 21
91 54
98 80
20 28
26 25
27 49
98 46
57 35
98 70
55 11
28 22
7 100
24 53
6 89
52 31
91 43
6 14
5 29
44 21
4 39
44 77
85 52
45 74
17 91
84 74
11 54
66 92
39 5
55 89
88 86
61 20
96 14
96 53
82 31
89 14
61 94
70 2
69 30
40 54
64 94
54 14
3 99
98 86
5 17
73 53
45 41
11 14
6 44
73 70
55 46
83 56
6 57
65 39
42 59
15 24
48 54
39 43
39 17
2 77
40 36
85 13
98 1
70 3
83 60
11 72
89 22
39 61
54 14
73 43
27 23
80 10
81 33
11 22
75 39
37 74
61 91
24 99
95 21
39 58
91 72
6 17
92 31
20 14
7 15
48 17
23 60
3 22
1 14
28 53
88 35
1 54
40 61
14 100
51 61
30 57
7 87
32 95
95 94
24 89
42 75
68 90
18 84
25 43
85 99
28 54
59 57
44 1
74 34
34 57
63 100
8 11
34 100
4 72
65 87
46 99
37 47
68 46
59 46
7 2
18 22
78 54
53 100
78 3
100 330 66
32 19
42 74
10 72
89 8
61 42
98 16
68 51
93 36
92 85
78 100
73 2
78 93
64 7
98 85
37 99
74 79
43 99
23 79
32 88
81 26
90 38
98 59
9 46
92 36
69 99
82 52
27 76
18 16
79 85
69 39
27 72
19 4
24 89
84 96
83 37
67 88
7 75
7 31
45 19
45 100
61 50
18 36
37 85
21 85
70 23
73 72
54 81
34 2
42 23
59 91
6 72
59 19
17 96
40 28
66 19
37 89
14 95
1 51
34 36
97 58
35 24
44 16
92 62
45 89
55 40
54 22
79 99
43 8
24 36
73 50
13 88
7 94
37 36
67 6
36 8
69 43
35 93
79 8
71 14
23 85
43 99
41 48
42 100
44 100
37 99
74 72
23 100
67 37
24 62
2 85
67 32
6 39
44 76
84 14
27 76
37 10
44 91
18 79
15 52
44 88
4 14
44 3
7 15
64 96
70 76
59 5
43 72
57 94
23 88
78 93
13 62
67 10
13 88
36 8
45 89
10 8
53 86
21 16
66 24
78 5
43 59
34 16
19 53
18 10
35 6
59 91
78 59
69 59
9 75
4 86
18 76
44 32
79 8
87 68
23 2
72 85
79 65
66 93
32 16
3 100
42 39
18 37
17 30
21 59
65 89
8 85
42 16
80 94
63 54
2 8
27 65
6 88
4 52
54 56
96 22
48 12
49 82
63 51
78 13
7 38
13 73
53 52
33 22
63 12
17 48
19 51
43 72
90 87
25 11
63 15
37 16
19 28
1 95
72 89
70 39
37 89
7 14
15 12
95 11
94 11
17 33
81 26
25 30
63 38
70 27
87 4
21 36
40 11
31 38
23 19
48 58
14 82
58 52
87 29
25 58
1 20
84 15
77 89
34 73
92 8
71 29
25 38
47 11
63 71
47 58
64 7
43 85
90 26
90 51
73 37
97 60
53 38
97 48
90 49
25 20
64 68
87 46
9 86
20 14
1 82
97 48
1 26
14 82
80 26
63 31
19 87
97 95
63 30
66 44
1 28
80 48
47 94
67 10
43 88
87 80
98 72
48 81
64 1
58 49
75 94
68 41
22 14
48 82
1 82
97 48
46 81
87 38
66 5
57 33
57 12
93 44
61 10
7 12
19 31
54 29
31 33
84 41
17 47
78 88
90 97
80 81
56 26
4 60
97 28
40 11
71 31
66 50
63 41
30 84
98 99
87 33
60 14
27 76
68 9
19 71
87 56
54 46
66 32
4 80
18 98
33 14
94 49
10 65
54 31
64 60
20 49
92 50
14 51
15 56
4 7
70 10
13 2
33 52
25 81
53 11
4 12
90 64
80 40
20 95
37 65
62 11
41 22
8 25
50 29
2 51
13 88
69 72
10 14
71 28
89 96
35 48
17 28
71 22
59 72
78 22
61 73
42 2
18 80
72 46
24 94
92 80
89 11
69 53
15 22
61 94
59 85
98 55
39 17
20 95
32 48
100 330 58
22 94
19 14
6 37
20 64
58 90
96 2
34 40
60 63
91 86
17 90
45 22
34 18
87 54
72 99
61 40
22 36
35 76
53 89
49 69
26 25
3 81
25 62
64 14
48 36
45 68
42 63
95 75
6 86
85 44
12 97
48 90
45 76
61 19
2 48
28 40
39 29
82 13
76 93
72 40
85 54
22 83
69 76
51 76
69 81
31 18
36 40
95 23
97 80
61 29
93 62
51 48
45 18
2 71
20 59
83 18
96 73
45 73
38 100
96 90
12 97
72 52
51 19
65 59
69 36
12 97
29 67
72 28
75 82
45 20
48 94
69 40
83 14
29 64
91 86
99 14
39 81
78 81
96 94
32 81
58 78
97 69
29 3
75 26
69 40
31 3
1 76
68 81
45 67
61 48
97 40
80 1
87 43
28 76
64 76
17 31
64 80
61 45
45 51
33 46
99 73
1 76
36 38
64 90
88 37
5 6
31 59
32 71
97 40
19 57
79 26
61 50
23 33
32 31
9 13
64 68
51 99
31 97
51 31
72 57
61 38
82 87
6 41
34 80
96 67
72 38
78 48
14 67
31 80
19 69
36 67
1 81
2 31
57 73
61 69
10 98
29 12
64 57
22 67
25 88
5 54
34 11
17 48
5 30
25 55
83 1
8 89
23 27
96 72
82 7
29 49
33 74
42 43
92 46
19 71
8 44
8 43
61 72
76 79
6 74
82 46
10 7
87 88
46 43
54 44
91 55
13 47
75 37
99 18
21 37
56 8
35 83
9 60
66 21
17 14
98 92
49 1
95 46
22 19
10 13
79 54
58 17
84 88
25 47
26 55
9 46
54 89
75 62
63 47
93 47
79 70
72 18
87 46
95 60
66 33
91 21
95 47
61 28
84 8
61 64
84 56
53 43
7 25
33 30
76 15
63 5
52 69
70 43
75 33
66 86
29 34
9 42
75 62
98 46
56 24
62 86
95 16
39 3
33 47
85 43
82 47
15 56
38 14
26 6
84 92
77 43
60 93
92 13
33 47
42 66
31 99
8 86
84 77
92 44
91 5
33 89
75 55
84 8
2 94
53 62
96 71
48 68
21 89
13 55
9 86
53 93
92 41
84 46
62 47
56 46
61 49
42 92
35 97
61 32
15 6
34 76
21 89
87 89
3 90
79 60
80 14
16 21
62 55
66 41
26 63
10 93
23 82
7 26
92 37
9 91
75 77
13 87
19 48
33 46
2 100
75 89
32 81
53 93
31 78
27 37
83 28
63 43
75 56
63 54
54 44
40 76
94 28
49 40
53 4
91 88
7 33
76 77
76 44
32 81
53 43
76 7
6 86
35 49
9 46
35 69
60 37
29 1
9 25
39 12
22 27
72 7
94 86
90 66
49 76
11 62
3 43
58 63
39 82
72 26
83 78
96 16
11 13
56 77
59 6
39 99
32 99
70 13
53 5
67 6
7 85
39 37
36 67
52 55
51 91
77 86
97 68
100 330 8
60 19
14 44
83 23
28 75
14 29
39 99
37 79
9 37
9 69
35 20
65 20
1 79
87 40
41 23
74 32
24 79
55 17
36 19
66 58
46 73
65 26
27 53
78 50
61 59
73 38
76 91
41 64
39 20
30 97
45 79
61 79
53 38
85 37
74 27
70 80
46 80
46 27
12 78
56 77
93 81
27 38
59 23
66 6
9 15
32 19
80 1
3 50
64 50
83 59
61 3
21 69
1 69
92 69
83 37
98 75
1 26
65 26
70 98
8 65
39 99
100 13
99 84
85 53
68 81
55 58
65 39
35 84
37 79
76 5
41 26
76 91
73 37
39 11
32 33
23 20
35 11
83 41
8 1
55 63
8 22
83 15
61 41
82 100
93 91
83 15
19 50
51 62
28 33
44 63
9 79
32 92
32 96
27 96
83 49
65 15
69 19
32 85
33 99
22 28
92 98
35 36
25 34
3 4
68 25
69 15
3 19
86 87
35 38
12 19
35 45
37 96
92 49
53 38
75 84
12 80
8 38
4 84
74 39
27 33
55 62
80 37
22 85
70 99
71 44
60 19
83 4
36 20
83 96
70 37
73 11
12 15
72 97
78 75
21 85
37 53
46 27
95 91
95 29
94 97
22 23
18 16
70 85
85 96
83 98
60 23
88 97
60 83
80 35
78 39
56 82
6 44
30 18
55 13
32 85
46 1
56 88
50 31
42 2
50 95
61 11
63 34
46 83
47 72
97 57
55 31
5 16
32 85
3 65
30 67
57 13
12 96
28 4
55 44
17 91
68 34
77 100
49 15
78 22
48 77
97 57
17 63
39 99
41 69
10 62
74 61
5 58
48 58
50 86
6 62
5 95
30 68
93 5
89 87
92 37
70 64
100 34
81 63
66 5
100 58
71 54
57 58
75 53
2 10
18 40
100 97
88 91
76 90
71 89
31 88
76 100
7 18
29 91
65 64
82 13
30 43
10 90
54 97
82 42
37 59
100 54
50 71
46 3
7 63
86 87
68 25
47 51
22 37
52 63
66 90
72 29
55 34
42 5
51 6
2 44
40 58
85 45
48 91
14 91
50 77
51 68
29 57
42 62
93 7
25 16
98 23
83 64
70 28
47 43
18 63
7 57
81 97
31 7
92 15
66 40
45 23
89 63
44 13
30 88
61 64
51 52
51 29
55 34
69 50
76 51
85 37
100 6
48 40
56 89
34 58
68 67
67 95
25 63
47 31
25 17
68 62
87 97
87 40
7 13
82 7
98 73
86 71
44 17
94 67
8 35
56 87
66 52
77 72
18 100
88 16
64 15
68 14
89 97
71 67
43 42
14 63
43 82
63 62
47 43
66 14
44 90
22 19
2 62
92 23
3 48
1 67
65 64
9 73
8 11
35 47
5 62
70 57
8 92
86 5
64 81
78 84
78 72
70 13
81 17
4 51
22 45
80 57
80 86
84 63
12 44
32 39
37 67
92 53
35 40
70 31
75 7
100 330 95
30 91
49 91
57 90
93 77
27 80
57 40
50 67
64 69
16 96
70 86
13 100
95 9
36 59
49 27
70 84
7 72
55 87
25 23
60 76
88 99
89 79
47 58
66 74
57 86
54 67
87 26
16 21
92 11
50 15
84 19
63 100
98 86
58 52
43 33
54 21
79 77
84 52
98 47
7 65
16 57
74 37
16 69
23 72
54 15
13 9
66 10
47 96
64 69
19 4
57 55
4 21
34 75
26 76
58 2
100 9
50 72
84 33
29 60
1 53
73 39
98 100
25 33
54 33
24 86
39 1
57 7
47 52
70 9
25 33
13 7
54 83
82 80
82 38
93 61
96 7
43 21
98 40
46 38
61 41
50 57
12 67
16 25
70 55
47 90
84 9
95 87
83 90
92 77
79 78
85 80
79 11
11 41
13 54
72 40
29 4
95 26
39 79
63 52
54 86
87 4
38 80
12 55
66 18
57 81
63 58
44 90
29 55
100 40
36 76
43 31
13 33
62 74
54 96
92 5
29 31
19 21
54 21
8 30
70 19
23 72
58 15
36 86
13 58
81 15
51 26
86 69
23 33
98 47
43 36
58 59
29 90
14 80
87 9
47 2
32 26
70 100
70 31
86 69
43 24
6 66
12 26
29 24
87 76
54 83
83 90
34 56
15 76
23 55
31 86
70 84
88 74
57 12
97 14
82 97
89 28
33 21
71 94
50 84
67 40
73 91
35 68
62 48
89 79
56 61
24 59
30 5
92 45
35 73
89 11
49 48
35 10
57 100
94 68
33 52
82 75
34 28
34 78
45 14
18 48
74 10
64 19
6 61
46 45
40 34
13 87
23 84
28 53
97 61
100 83
40 41
54 31
82 28
30 10
18 45
88 62
64 81
32 86
80 37
68 11
97 71
39 45
99 30
16 7
66 27
56 37
34 78
56 14
89 80
6 42
46 11
22 48
97 66
18 30
73 5
62 28
92 42
17 27
34 74
87 40
99 45
54 4
40 75
95 52
17 22
3 6
23 57
42 5
89 35
40 85
47 96
92 39
85 80
12 87
30 75
39 27
46 37
92 45
94 80
71 11
46 56
66 91
91 38
91 68
36 100
73 74
88 85
99 61
99 74
94 18
6 94
47 83
93 28
88 61
40 89
8 78
22 94
14 53
34 97
82 73
34 10
89 48
25 51
98 54
97 74
56 68
17 35
98 15
42 10
82 99
44 86
40 62
89 56
85 11
73 30
92 74
48 38
46 56
34 20
97 75
55 40
93 68
8 28
82 45
24 67
64 4
24 72
3 73
71 20
40 3
95 57
55 84
3 56
34 92
22 1
6 73
93 28
72 31
3 8
23 7
99 68
40 99
59 22
28 5
97 93
29 67
63 35
12 80
9 68
95 84
46 27
21 1
30 61
95 39
65 38
66 56
54 41
33 65
13 45
7 65
100 46
76 48
90 30
65 8
34 91
67 58
86 74
43 72
34 38
16 40
60 18
100 330 57
53 84
83 3
62 86
37 68
21 72
43 16
50 40
53 43
12 84
49 70
5 22
48 67
11 56
57 99
42 88
15 79
26 70
57 40
73 74
44 58
2 99
16 88
54 49
98 26
10 88
100 49
10 59
14 96
10 99
42 49
61 80
57 43
42 12
45 96
82 45
61 99
75 52
86 13
100 63
24 78
2 99
92 77
32 15
84 9
40 5
48 80
91 3
86 18
80 82
94 58
25 55
63 72
5 87
81 33
80 72
55 44
100 21
22 36
42 16
41 16
68 88
11 56
19 80
87 52
68 95
62 18
54 26
12 54
7 51
14 18
91 55
42 96
6 23
59 67
60 87
30 95
84 16
92 39
68 13
53 100
62 56
5 23
10 61
22 33
54 18
6 87
70 13
28 8
12 68
53 11
95 86
92 55
41 100
42 88
42 96
61 27
29 23
78 70
60 58
66 76
42 24
53 40
93 8
70 13
75 23
7 32
97 18
42 53
97 88
10 49
48 82
4 95
42 54
77 79
2 54
91 64
48 18
25 3
53 95
75 1
95 70
53 14
19 98
24 26
37 59
82 21
13 56
61 5
100 13
59 26
76 51
95 21
64 85
21 72
4 99
45 5
50 67
50 84
53 45
11 27
60 1
10 43
10 95
82 63
100 96
40 27
53 86
44 85
91 22
24 12
10 97
80 54
20 17
61 82
44 74
75 44
44 58
72 40
29 64
91 33
34 73
55 73
60 46
30 48
33 47
57 21
89 79
31 87
10 98
98 68
55 76
28 36
73 3
75 7
33 77
4 82
29 3
91 79
7 44
23 33
54 27
24 13
64 46
100 96
69 8
11 82
89 69
1 3
92 55
35 52
90 83
65 3
17 8
29 32
60 15
6 31
26 45
25 91
65 69
74 3
30 88
73 38
87 46
21 56
15 38
91 7
85 90
91 1
5 60
65 81
10 18
92 51
81 33
71 90
5 17
59 99
21 56
34 46
89 8
94 31
32 1
44 71
22 85
2 78
17 69
57 14
80 18
28 87
98 86
25 65
34 15
82 96
59 80
17 32
15 35
58 85
22 74
50 40
24 80
60 3
31 64
17 46
90 52
61 21
22 39
50 9
22 23
93 90
87 69
66 77
60 77
69 76
20 66
70 5
2 95
34 25
44 51
49 13
19 45
28 87
65 85
25 29
5 46
44 3
31 23
58 64
32 81
94 85
29 47
20 58
17 1
82 96
91 51
37 9
34 46
60 46
51 35
31 71
60 81
69 52
42 99
90 33
12 68
44 39
87 71
97 43
29 83
65 8
60 33
29 64
21 18
33 1
89 20
17 93
45 88
23 81
48 45
22 55
91 36
94 52
94 58
59 9
57 90
68 6
12 55
29 81
76 47
56 1
61 25
50 48
98 86
65 83
11 90
9 76
86 1
25 87
100 82
97 47
42 72
99 71
34 65
73 35
53 98
16 5
55 76
40 60
11 43
13 64
45 65
54 47
100 330 56
41 24
82 13
9 92
89 99
72 41
41 96
6 79
88 84
57 29
40 99
72 2
81 36
43 28
33 31
55 85
6 21
34 33
52 90
11 49
18 7
66 51
40 35
7 32
35 16
95 14
97 30
77 94
38 21
47 100
36 60
35 50
71 54
89 44
3 36
12 69
6 14
54 80
10 83
40 41
4 25
95 96
58 96
82 92
54 44
43 78
10 93
41 62
2 24
38 60
78 91
40 68
71 22
87 37
34 48
47 2
3 96
4 35
82 85
40 96
55 75
40 99
79 44
13 53
91 28
41 51
23 90
58 14
70 91
71 3
64 51
2 16
47 26
71 35
46 51
97 83
64 89
47 28
14 11
66 28
46 68
4 35
100 61
60 2
3 80
78 29
72 47
27 80
44 11
93 42
38 78
81 24
77 13
43 54
34 12
62 24
37 33
88 69
43 81
20 31
71 50
10 30
54 40
37 76
95 100
25 58
6 58
6 44
87 73
46 57
56 91
41 78
50 44
40 35
35 100
98 10
68 61
23 13
89 26
66 21
72 62
20 75
25 79
10 75
1 94
57 79
100 24
52 13
56 11
77 19
99 24
4 25
3 80
72 91
41 62
43 79
52 55
41 50
66 79
41 24
60 22
89 35
38 26
78 57
4 60
64 47
15 18
47 57
99 68
86 63
47 41
25 80
41 80
82 8
34 75
72 21
34 97
98 10
13 18
35 28
50 11
85 37
97 45
83 88
87 12
46 80
87 52
37 19
87 31
97 67
36 58
46 79
9 84
15 53
25 60
13 17
87 23
55 13
51 100
82 53
1 12
52 69
13 73
82 31
98 48
88 75
15 73
48 75
57 50
27 28
11 17
52 97
19 30
23 88
67 69
51 80
64 41
94 75
41 11
82 37
94 17
52 42
73 49
83 94
52 69
37 7
87 7
83 75
70 79
98 10
67 88
5 75
11 45
84 73
77 86
45 84
47 68
60 91
11 45
28 44
97 39
23 97
25 46
66 25
62 50
55 48
87 10
17 31
81 51
77 75
21 95
11 5
43 50
52 45
67 48
46 24
19 7
12 84
83 69
93 12
97 20
93 94
34 76
87 18
97 9
9 32
15 90
57 68
55 86
72 11
87 77
92 49
58 79
93 48
34 55
67 63
67 94
98 9
99 35
19 73
68 80
38 61
21 95
72 58
67 33
19 73
53 76
12 18
48 37
67 69
77 1
52 97
36 95
13 45
45 7
1 5
74 17
37 75
4 78
86 69
23 20
52 13
11 45
97 19
60 61
89 2
77 76
68 28
10 76
48 31
81 29
71 95
54 44
85 84
17 7
33 18
13 69
15 45
34 67
85 53
85 30
56 80
50 83
38 27
1 92
16 15
82 88
1 93
80 34
34 32
3 65
72 51
43 74
66 87
41 73
12 20
66 21
1 39
93 30
11 90
62 76
38 13
29 53
43 40
41 48
26 15
47 32
65 39
14 67
22 39
40 12
100 330 45
29 80
1 67
81 83
52 42
22 27
54 98
20 50
49 67
17 52
54 62
65 23
66 37
94 74
97 85
96 3
31 98
45 2
20 100
50 4
50 21
40 65
34 4
66 13
7 83
42 100
69 46
54 42
44 46
64 98
15 17
63 85
15 67
68 86
46 53
51 34
4 98
98 29
55 3
2 34
99 71
62 30
62 6
68 63
19 75
70 11
85 42
52 44
93 3
63 100
21 23
54 30
63 42
7 64
93 55
19 9
81 49
45 23
50 85
63 23
42 65
24 30
31 30
1 51
9 55
34 98
23 29
42 46
21 53
63 51
17 64
63 51
83 23
68 85
50 52
90 4
33 40
83 79
56 36
47 14
96 84
90 4
21 49
16 38
7 68
21 52
46 29
68 86
92 43
74 48
89 64
6 46
57 8
12 39
93 8
50 4
40 98
81 44
12 34
34 4
31 42
68 81
50 31
7 23
99 27
72 13
21 83
34 49
70 99
85 4
69 32
85 42
86 79
64 46
84 82
90 65
32 65
17 29
22 80
40 62
78 4
51 46
78 30
97 44
7 63
2 97
2 39
51 79
69 68
26 10
5 76
29 16
79 46
1 53
17 53
34 30
8 48
99 91
95 14
8 35
33 79
47 41
33 39
86 29
24 54
89 6
69 86
19 55
31 52
41 48
8 75
56 9
87 47
29 19
17 23
96 43
84 16
20 98
87 75
22 36
19 88
7 34
99 38
70 60
58 82
29 61
8 13
34 6
80 99
84 38
78 34
36 10
2 78
96 43
61 38
92 3
19 80
66 71
63 64
75 43
19 72
99 92
61 55
5 27
57 95
16 10
14 18
7 77
75 82
75 55
41 60
66 18
71 73
58 82
100 29
47 75
26 10
66 38
74 92
47 70
14 36
13 60
92 35
33 77
43 88
69 12
72 3
75 59
5 14
84 66
10 73
93 19
26 8
99 16
70 76
21 79
85 28
10 73
47 5
26 88
85 86
48 55
16 91
70 88
87 48
5 60
96 59
97 42
2 15
22 61
7 15
25 94
11 9
46 23
22 10
11 75
26 5
96 11
8 59
25 76
33 86
70 91
2 30
63 86
78 15
2 7
70 16
97 100
9 71
5 37
25 82
25 99
2 52
93 99
45 40
56 71
47 3
69 44
56 41
70 36
94 73
36 38
83 64
55 3
76 16
68 34
52 49
18 27
92 71
5 60
48 60
37 27
78 67
14 11
66 35
1 6
29 61
57 60
48 75
5 13
19 58
14 71
8 95
89 30
52 67
33 46
55 88
94 75
29 71
55 82
62 79
95 3
96 16
12 6
95 88
18 59
85 65
8 61
70 13
80 35
41 84
98 29
69 73
46 38
48 99
17 89
17 38
4 82
6 22
36 58
44 93
1 68
31 70
51 28
67 5
54 57
24 69
54 35
23 55
81 80
62 57
21 32
63 83
95 36
93 99
6 59
21 92
21 64
28 80
64 72
12 55
100 330 30
21 53
56 97
97 4
74 25
38 43
79 11
79 99
34 66
47 90
79 74
73 83
94 13
56 99
48 60
7 77
60 91
71 86
46 32
17 65
88 4
10 55
97 5
27 24
3 51
31 32
27 63
30 7
6 3
35 10
33 100
97 32
31 34
17 88
46 81
32 11
46 60
26 25
5 11
38 72
45 51
5 29
17 98
49 16
71 91
28 91
62 57
98 82
99 28
54 24
57 92
37 25
98 77
70 10
43 15
97 11
99 78
3 100
30 54
45 99
66 69
17 65
78 82
88 86
7 100
60 83
30 83
7 74
40 1
97 4
30 78
79 83
24 70
70 44
68 59
77 33
75 31
55 43
17 3
98 97
31 24
70 53
81 4
14 95
99 84
59 36
64 41
97 33
10 42
27 84
82 33
54 80
90 39
28 91
65 7
19 38
78 74
35 52
80 100
82 66
5 4
70 96
31 25
28 3
75 91
35 50
8 36
60 29
51 24
89 38
99 34
54 80
3 24
34 91
77 84
94 22
27 69
78 82
30 46
61 15
78 54
47 59
98 91
47 55
45 54
52 36
71 81
90 92
17 51
77 26
73 66
74 86
71 33
62 15
68 95
30 24
6 26
47 61
71 69
70 50
64 12
60 34
26 33
6 4
45 29
70 41
98 69
62 18
71 74
29 69
27 5
45 31
44 39
17 5
82 84
35 67
2 61
49 14
35 53
60 82
60 86
44 18
65 77
13 76
49 14
1 59
62 64
80 82
2 49
93 18
70 95
24 68
19 90
16 18
75 77
21 40
94 64
24 94
20 8
87 20
62 50
95 92
61 53
7 37
47 38
23 55
64 59
13 59
17 73
67 42
8 53
99 34
18 36
61 36
57 67
19 44
69 83
67 14
68 62
64 12
70 21
1 9
12 92
68 1
85 59
71 83
23 10
94 47
22 41
10 19
58 33
31 29
53 92
52 72
69 63
68 94
19 41
1 43
94 96
61 39
57 19
23 10
3 84
68 23
67 22
10 61
43 14
2 14
53 36
94 92
62 22
49 53
57 67
65 3
90 61
62 42
46 84
73 34
1 9
72 9
10 38
22 13
64 8
22 36
49 21
48 25
24 16
97 11
52 76
38 16
93 16
72 59
64 87
78 33
65 82
19 14
10 47
86 84
65 29
27 6
35 36
14 76
21 38
97 78
31 84
8 50
1 61
60 99
97 78
68 95
40 16
70 57
62 15
87 43
70 96
99 28
85 42
68 47
30 74
10 67
96 59
89 1
43 39
64 39
97 66
54 66
90 43
49 20
60 77
88 86
2 59
56 31
27 26
89 20
91 24
30 75
50 15
24 41
72 39
73 66
47 9
22 72
44 15
28 94
45 55
21 41
7 63
88 16
5 44
62 44
6 4
22 42
67 53
25 86
26 49
58 62
66 63
77 28
17 7
30 11
25 53
56 42
45 71
70 89
45 2
83 59
78 24
82 25
64 93
27 81
10 1
100 330 23
11 57
36 9
4 32
23 79
85 56
85 37
12 75
69 83
1 17
52 35
56 51
25 40
67 53
23 18
14 91
61 42
85 92
6 37
31 41
94 6
45 38
20 50
90 49
88 16
33 91
78 34
52 54
96 43
21 96
7 30
85 40
17 54
28 6
64 79
36 11
14 84
53 97
77 34
23 78
99 41
33 15
94 84
81 83
23 86
59 34
28 17
56 83
56 24
54 35
69 15
19 86
21 66
47 36
45 94
71 94
73 69
73 24
38 69
17 91
45 10
1 37
8 29
62 86
53 79
18 94
32 34
80 44
18 92
8 72
73 83
60 76
69 67
16 93
45 6
35 34
77 3
10 91
77 17
85 15
14 33
39 83
11 29
24 53
70 16
92 39
71 6
77 15
23 71
25 5
90 70
71 25
28 52
23 84
7 89
95 54
100 2
71 79
45 79
61 12
18 40
73 56
81 86
3 6
18 74
18 91
61 30
64 79
1 74
74 9
77 81
45 6
50 93
45 53
92 52
28 59
69 34
7 2
81 10
81 10
81 79
71 28
67 53
67 54
67 34
69 81
25 67
94 67
8 96
64 67
85 15
5 39
100 87
45 81
31 100
20 21
63 96
45 91
48 98
71 28
7 13
28 6
78 15
77 92
78 83
5 52
6 83
64 53
45 62
97 74
73 81
26 76
74 36
1 83
35 74
50 46
29 55
77 69
89 44
22 82
68 16
49 82
100 49
63 66
29 76
68 36
95 18
8 89
10 78
20 48
12 43
70 11
8 89
50 13
68 20
12 41
20 50
87 93
93 30
26 72
5 10
63 29
70 16
45 91
49 16
24 14
70 16
88 98
74 80
56 94
87 55
80 43
36 13
68 20
71 52
30 41
19 14
13 96
71 39
45 71
65 66
100 16
56 15
87 89
36 72
18 17
21 99
65 87
11 72
98 41
12 76
11 9
20 16
70 72
55 57
94 67
69 6
8 99
42 66
16 30
68 50
63 93
49 99
19 34
87 96
90 27
84 91
77 97
62 3
48 89
20 26
20 66
49 16
74 7
7 50
68 60
31 66
36 89
68 43
62 86
47 66
30 57
66 87
48 26
50 75
7 12
29 99
70 93
21 57
38 71
12 27
7 27
73 59
49 22
74 96
7 20
55 30
46 2
77 52
11 44
61 70
88 99
48 26
31 50
47 76
20 98
7 16
71 5
71 28
8 12
68 50
95 1
3 84
24 78
71 51
85 71
60 55
93 72
87 55
61 22
7 60
66 76
96 93
68 27
45 52
47 82
36 60
68 55
11 12
85 78
80 22
80 82
31 98
19 28
27 43
13 93
60 58
66 13
3 37
67 33
47 96
18 63
31 22
50 98
97 90
80 66
53 13
61 65
98 55
77 2
94 60
48 41
79 76
45 6
38 10
7 72
68 96
88 30
4 93
45 9
14 40
38 25
69 67
51 55
9 96
74 89
84 75
60 27
19 95
37 47
4 49
100 330 10
27 98
32 99
33 88
64 59
34 3
17 98
17 81
76 91
51 42
5 41
72 36
69 62
86 7
39 16
11 83
50 7
71 99
25 71
37 27
55 42
37 85
38 63
38 45
17 59
65 26
11 98
33 62
54 66
14 29
57 95
77 62
81 99
20 29
80 36
88 99
44 91
68 36
27 36
76 56
13 49
44 37
76 68
76 58
10 80
77 68
11 3
82 31
90 23
94 23
32 3
74 45
1 43
70 78
81 36
77 49
1 6
22 8
68 62
47 42
31 63
65 74
13 71
57 3
81 64
47 56
37 71
47 49
72 62
92 24
32 27
10 88
55 32
69 36
83 92
49 83
16 54
31 46
34 58
84 39
56 83
5 62
99 83
44 41
12 52
88 36
10 64
17 88
61 95
69 59
64 99
9 80
23 83
1 30
22 86
81 80
81 11
10 99
25 85
20 39
32 64
18 68
34 71
67 30
44 42
39 63
71 41
10 94
83 35
73 40
67 31
44 88
89 42
76 36
69 11
34 69
89 25
72 62
8 40
17 36
37 80
23 62
2 40
95 71
9 77
100 52
73 26
34 41
82 39
3 13
89 72
76 3
81 51
76 51
63 35
91 42
15 98
90 94
31 16
33 4
64 83
100 45
17 36
81 15
11 83
91 41
44 69
77 33
47 77
19 74
32 56
61 13
82 38
96 7
92 7
83 7
6 70
9 64
65 74
53 60
40 30
4 62
40 45
24 97
8 79
22 79
6 70
81 27
82 86
1 26
46 75
75 66
56 27
100 96
50 70
37 36
37 71
30 6
34 15
28 46
19 52
39 40
95 99
12 66
32 13
6 26
5 49
92 79
14 54
8 19
92 26
16 75
87 60
18 99
20 48
82 50
100 54
5 85
16 28
15 59
38 16
29 43
2 19
10 41
18 98
39 7
12 31
66 35
52 40
12 1
25 42
31 43
81 58
32 13
29 70
20 66
100 35
100 39
19 30
2 38
20 92
22 97
67 63
39 92
65 97
84 24
4 64
93 35
73 21
12 26
29 74
94 32
87 35
19 73
55 33
82 97
65 45
27 41
79 46
13 49
19 40
49 41
2 50
93 7
61 57
76 11
23 62
96 43
39 7
22 53
22 20
84 66
14 40
82 29
96 87
100 48
44 51
93 60
79 45
25 27
17 72
14 100
1 74
22 26
73 66
20 7
16 74
34 91
83 84
25 34
92 30
25 47
12 24
14 29
81 69
93 87
68 49
92 66
73 21
65 38
2 60
89 11
2 7
93 50
96 26
49 71
48 52
1 6
82 48
17 27
1 87
65 38
20 26
84 79
90 56
74 70
29 78
14 65
100 86
21 75
30 28
5 92
5 88
55 37
9 42
16 73
59 30
24 60
50 97
10 93
69 86
31 75
95 31
100 38
52 66
42 54
9 62
3 43
51 1
42 41
47 63
96 21
61 57
69 70
61 80
23 83
17 49
20 16
85 72
68 73
90 85
100 330 64
34 29
40 96
83 29
83 26
88 38
26 88
83 27
88 79
50 21
42 90
2 18
34 30
52 81
67 94
41 69
68 27
100 17
4 39
84 82
41 75
68 79
2 38
8 69
10 91
77 13
2 56
46 91
81 99
59 79
42 29
70 57
11 32
57 69
8 94
55 79
27 23
29 73
43 92
42 29
18 32
58 69
70 39
11 45
68 41
13 97
86 28
18 45
83 94
77 97
68 79
49 5
70 8
40 16
77 3
50 61
65 52
70 41
38 56
2 8
4 82
27 38
4 37
29 69
9 5
64 82
94 24
74 95
73 81
12 9
70 29
7 55
35 66
25 28
98 42
34 32
65 44
58 72
70 34
98 32
42 18
79 16
27 2
64 27
68 11
2 45
88 18
39 95
7 45
59 38
25 48
7 73
36 10
72 22
64 79
59 42
79 16
20 8
72 59
30 45
23 79
90 22
62 73
94 56
60 94
83 16
26 40
16 18
27 22
94 69
17 46
33 6
8 34
63 52
76 3
58 38
60 37
37 32
88 22
58 4
56 22
50 78
62 95
57 37
39 95
84 16
77 71
77 3
67 56
7 98
88 45
52 51
23 70
7 96
68 38
72 24
60 4
54 53
98 29
98 69
60 72
67 73
58 11
30 73
94 96
20 56
43 99
27 69
50 78
96 16
48 6
43 80
14 6
63 6
51 61
44 10
44 89
35 36
24 30
63 49
79 29
14 3
100 76
44 48
17 28
57 72
14 51
17 3
76 33
53 5
100 19
93 85
81 25
3 19
99 91
2 18
41 90
50 49
41 94
52 99
92 100
8 84
12 15
49 99
89 9
62 29
52 3
65 78
64 96
53 61
63 81
54 43
54 66
74 40
83 75
48 5
49 97
40 84
83 68
76 3
50 1
62 90
87 13
100 19
52 97
13 99
89 19
77 35
92 35
87 35
70 24
81 28
67 37
47 49
62 56
3 46
63 97
52 33
80 85
9 93
73 19
51 85
97 6
82 32
97 1
91 5
80 78
49 19
43 48
7 90
49 35
93 28
20 73
2 94
21 91
96 22
81 53
92 51
92 17
25 15
35 100
81 61
34 75
17 28
50 31
47 85
53 85
97 25
63 35
54 1
39 45
52 71
66 51
21 61
43 36
75 11
97 71
27 45
12 19
26 22
86 10
44 19
53 93
35 36
82 18
61 48
23 82
80 78
17 71
14 9
81 25
42 96
1 19
78 51
77 21
15 19
77 15
39 56
53 31
10 46
53 48
50 35
63 5
49 6
21 19
87 13
31 5
38 18
52 19
10 19
73 43
80 76
26 30
42 69
21 36
23 30
25 9
65 77
52 49
81 61
28 10
82 66
23 59
53 46
89 93
18 86
83 28
56 89
36 48
80 10
44 81
56 69
65 13
12 6
90 47
4 46
69 90
4 100
8 16
67 32
26 96
21 13
91 71
2 18
72 15
96 5
68 84
49 31
49 1
13 19
77 53
100 330 16
86 35
41 79
84 12
76 34
36 34
38 87
13 94
80 71
54 91
28 59
47 34
5 22
70 14
64 30
83 46
1 10
43 71
90 76
44 55
97 95
58 17
86 7
64 78
80 75
1 33
7 10
69 10
94 23
56 71
65 18
86 27
56 23
62 14
13 10
29 98
62 67
58 86
7 39
78 31
5 23
52 48
5 100
99 98
58 80
82 36
20 42
26 73
94 10
44 37
32 73
77 45
76 33
81 31
91 71
93 66
23 39
43 75
78 22
43 71
83 1
68 13
15 94
64 30
47 58
28 53
34 39
9 51
29 38
80 71
66 73
59 22
31 52
63 11
1 42
47 76
42 100
19 45
17 13
86 71
8 55
1 31
12 96
37 21
76 52
68 36
67 18
44 29
47 100
21 73
60 96
69 93
20 75
72 68
98 4
9 12
72 39
35 22
78 82
54 78
28 91
55 73
20 75
28 59
20 48
1 100
5 30
22 93
100 10
83 35
19 14
33 10
9 51
16 13
76 82
68 64
20 53
58 10
56 71
83 27
64 100
7 91
65 88
80 36
35 46
35 23
7 53
78 13
68 13
67 96
1 36
34 94
71 39
81 47
53 75
28 42
81 10
72 82
2 23
43 64
62 41
90 54
15 13
28 39
31 10
20 52
93 45
11 87
72 91
52 34
84 45
3 99
65 79
47 46
76 36
60 51
49 92
75 46
94 48
62 73
29 77
44 88
29 50
5 59
28 13
11 26
1 59
45 21
26 87
93 11
11 4
79 40
59 13
44 95
3 87
1 64
85 50
52 46
3 49
77 95
19 12
7 31
24 6
4 92
52 36
96 61
70 45
29 98
28 53
84 97
62 85
14 73
59 48
42 10
67 77
70 79
24 37
98 96
87 21
74 96
97 21
92 50
81 80
3 32
12 96
84 40
43 69
72 69
9 8
62 29
80 46
12 49
80 82
89 95
9 49
76 10
84 37
28 2
33 93
51 98
26 87
60 45
61 92
70 73
29 32
63 45
9 19
60 21
78 10
87 95
79 61
60 88
24 99
7 69
3 11
37 12
84 63
19 66
42 39
96 55
16 54
79 11
67 18
87 4
93 85
9 12
51 49
59 17
35 13
99 51
44 61
85 4
67 97
3 57
8 4
99 37
54 30
30 93
83 94
66 73
16 39
60 40
14 32
29 74
14 77
29 97
67 25
9 51
93 41
62 70
93 67
90 39
74 49
31 48
62 8
41 21
99 66
77 55
62 49
64 93
11 50
3 11
70 37
65 92
65 57
40 55
37 6
55 73
57 40
40 50
31 23
18 74
18 32
19 89
57 98
47 43
99 61
84 11
30 23
97 14
67 9
68 8
34 33
76 79
43 44
46 26
70 9
63 98
76 17
37 98
44 49
70 96
69 9
58 73
28 15
81 60
97 85
76 33
90 55
27 99
35 32
70 77
91 52
13 29
68 57
57 49
30 17
3 66
13 93
60 25
22 37
100 400 94
40 53
94 65
94 65
94 65
94 65
94 65
94 65
94 65
94 65
94 65
94 65
94 65
30 99
94 65
94 65
94 65
94 65
79 63
94 65
83 56
48 54
94 65
94 65
94 65
85 1
94 65
94 65
94 65
94 65
94 65
94 65
29 56
94 65
84 4
94 65
94 65
45 63
94 65
77 68
94 65
94 65
94 65
15 1
10 1
94 65
11 34
94 65
94 65
94 65
36 90
36 87
94 65
94 65
94 65
94 65
94 65
94 65
94 65
94 65
94 65
94 65
94 65
94 65
94 65
94 65
94 65
89 78
54 57
94 65
12 64
94 65
94 65
100 96
61 68
94 65
94 65
94 65
66 14
94 65
94 65
94 65
94 65
94 65
94 65
94 65
94 65
82 6
29 12
94 65
67 31
43 36
94 65
94 65
94 65
33 59
94 65
94 65
61 71
29 98
94 65
94 65
94 65
94 65
94 65
94 65
94 65
71 31
94 65
94 65
94 65
94 65
95 38
94 65
94 65
94 65
11 72
94 65
94 65
94 65
94 65
94 65
94 65
94 65
94 65
94 65
94 65
56 64
94 65
4 89
94 65
94 65
94 65
94 65
94 65
94 65
24 81
94 65
94 65
94 65
94 65
47 68
94 65
94 65
94 65
94 65
94 65
94 65
94 65
94 65
94 65
94 65
94 65
94 65
94 65
47 51
94 65
94 65
94 65
26 20
94 65
94 65
94 65
94 65
94 65
100 28
94 65
94 65
94 65
94 65
39 55
12 91
29 46
22 75
94 65
94 65
94 65
94 65
25 36
94 65
94 65
94 65
94 65
94 65
94 65
94 65
94 65
94 65
94 65
99 21
94 65
94 65
94 65
94 65
94 65
94 65
94 65
94 65
94 65
94 65
94 65
94 65
32 62
91 63
85 54
30 44
82 16
16 15
84 26
19 75
29 76
85 56
26 6
94 65
24 32
97 88
45 81
94 65
94 65
28 34
9 10
39 5
94 65
8 54
52 31
94 65
79 11
82 17
94 65
66 81
40 23
37 64
74 81
74 36
44 97
9 34
94 65
52 59
30 87
39 42
73 93
70 32
24 27
94 65
8 93
14 31
10 73
44 36
61 76
54 7
81 64
94 65
94 65
93 72
23 31
86 50
94 65
94 65
5 99
66 9
45 51
94 65
96 48
89 31
94 65
94 65
97 87
19 31
41 52
30 62
3 78
62 7
94 65
32 62
58 54
61 11
63 48
24 19
11 24
94 65
37 35
6 13
81 22
94 65
74 53
49 80
81 97
94 65
55 37
14 93
23 54
70 68
96 57
55 7
43 52
12 46
94 65
35 57
94 65
3 98
12 98
74 6
30 31
53 93
94 65
94 65
94 65
53 90
94 65
23 47
79 37
83 21
94 65
18 99
16 20
76 34
94 65
16 52
94 65
10 21
8 51
61 12
14 90
94 65
71 58
94 65
69 90
100 98
41 48
82 4
44 51
40 48
18 25
12 28
91 99
94 65
94 65
79 26
60 92
98 87
94 65
84 1
87 21
99 48
98 75
98 8
94 65
16 59
17 46
100 73
3 46
76 57
1 75
94 65
16 39
82 76
97 69
48 54
3 53
81 36
9 36
53 2
16 25
48 88
84 4
70 10
84 26
27 80
94 65
83 70
94 65
86 21
8 50
55 57
62 46
61 60
94 65
25 31
20 15
50 53
37 68
79 75
94 65
62 59
29 66
94 65
41 96
94 65
25 76
37 72
79 38
84 88
36 87
11 57
19 6
94 65
40 15
61 49
94 65
5 64
9 56
100 400 25
25 100
17 30
25 100
25 100
25 100
25 100
25 100
25 100
25 100
25 100
25 100
25 100
25 100
25 100
25 100
54 21
25 100
25 100
25 100
32 14
25 100
2 57
25 100
93 54
25 100
25 100
25 100
15 97
25 100
16 9
25 100
25 100
25 100
25 100
25 100
25 100
25 100
25 100
25 100
98 38
25 100
25 100
25 100
25 100
25 100
25 100
25 100
25 100
25 100
25 100
25 100
25 100
25 100
2 6
25 100
25 100
25 100
54 77
25 100
62 19
25 100
25 100
25 100
25 100
25 100
25 100
25 100
25 100
25 100
25 100
25 100
25 100
28 94
25 100
25 100
51 35
25 100
25 100
25 100
25 100
71 65
25 100
25 100
25 100
25 100
98 22
33 20
25 100
25 100
25 100
25 100
25 100
27 44
25 100
25 100
25 100
25 100
25 100
25 100
25 100
25 100
25 100
25 100
25 100
25 100
25 100
25 100
25 100
25 100
25 100
5 39
25 100
70 76
25 100
25 100
67 66
25 100
25 100
7 39
25 100
25 100
25 100
25 100
25 100
25 100
25 100
25 100
70 84
64 60
74 83
25 100
25 100
42 24
25 100
64 80
25 100
25 100
25 100
25 100
25 100
9 12
25 100
73 77
25 100
25 100
29 96
2 39
25 100
25 100
25 100
25 100
25 100
31 69
25 100
25 100
25 100
25 100
86 65
31 53
44 77
25 100
25 100
33 57
25 100
25 100
35 83
25 100
25 100
66 52
25 100
25 100
25 100
25 100
25 100
25 100
25 100
25 100
25 100
25 100
25 100
25 100
25 100
25 100
25 100
25 100
25 100
25 100
25 100
25 100
25 100
25 100
25 100
25 100
66 15
25 100
25 100
25 100
25 100
52 24
25 100
17 4
85 83
50 14
31 22
25 100
67 81
31 87
54 47
32 84
25 100
16 98
2 75
55 37
11 70
25 100
58 18
92 71
73 10
25 100
74 52
37 8
95 20
47 57
56 65
7 98
25 100
25 100
15 72
25 100
98 19
8 96
47 95
28 36
81 11
25 100
90 58
25 100
16 30
35 95
25 100
25 100
98 23
25 100
9 76
45 70
3 57
9 4
55 42
25 100
9 68
4 46
4 21
99 58
65 18
33 38
27 38
31 10
76 77
6 23
83 12
91 95
90 97
34 97
62 53
55 58
93 65
36 54
13 43
25 100
81 12
42 39
54 19
93 92
90 50
91 79
25 100
78 8
30 62
30 85
25 100
56 57
17 70
28 99
1 57
90 20
25 100
67 49
28 60
45 77
48 6
25 100
62 96
25 100
70 75
95 83
25 100
67 79
25 100
8 22
35 10
28 29
67 36
50 57
89 39
89 14
25 100
88 6
3 43
25 100
88 75
51 47
16 85
2 65
25 100
50 52
27 23
29 45
79 43
34 8
51 63
25 100
3 87
13 43
93 95
1 42
17 29
86 21
62 1
25 100
25 100
5 10
33 92
77 18
73 74
29 77
36 27
33 75
66 34
11 91
25 100
92 58
95 79
16 95
31 77
63 58
20 15
30 97
69 57
25 100
31 85
78 13
34 61
71 27
45 20
28 97
89 54
25 100
56 47
74 43
25 100
66 3
62 83
94 35
9 57
66 23
3 60
63 20
25 100
45 82
55 45
25 100
25 100
25 100
51 44
85 26
55 1
25 100
32 3
16 95
17 24
25 100
55 11
47 20
75 15
88 21
30 4
51 38
25 100
12 21
94 96
37 65
46 10
93 72
25 100
28 39
66 85
4 98
54 37
94 87
37 27
100 400 100
17 8
31 23
100 67
100 67
100 67
100 67
100 67
100 67
100 67
100 67
100 67
100 67
100 67
100 67
100 67
100 67
100 67
100 67
100 67
100 67
100 67
100 67
100 67
100 67
100 67
100 67
100 67
100 67
100 67
100 67
100 67
100 67
100 67
100 67
100 67
100 67
66 7
100 67
100 67
100 67
100 67
100 67
100 67
100 67
100 67
80 30
100 67
100 67
100 67
100 67
90 81
100 67
95 17
100 67
100 67
100 67
5 44
46 63
100 67
100 67
100 67
100 67
100 67
100 67
100 67
100 67
100 67
100 67
100 67
10 75
52 21
100 67
100 67
100 67
100 67
100 67
100 67
100 67
100 67
100 67
100 67
37 43
100 67
100 67
100 67
100 67
100 67
100 67
100 67
100 67
100 67
100 67
20 40
100 67
100 67
10 14
54 29
100 67
99 65
100 67
100 67
100 67
27 76
100 67
100 67
100 67
100 67
100 67
100 67
54 75
100 67
100 67
93 21
100 67
100 67
100 67
85 82
100 67
100 67
100 67
100 67
100 67
100 67
100 67
77 60
100 67
100 67
100 67
100 67
100 67
100 67
38 93
100 67
100 67
100 67
73 52
100 67
100 67
100 67
3 37
100 67
100 67
100 67
32 22
100 67
38 59
73 50
100 67
100 67
100 67
100 67
74 51
100 67
49 4
52 71
100 67
100 67
100 67
100 67
100 67
100 67
100 67
100 67
100 67
100 67
16 87
100 67
100 67
100 67
76 44
100 67
100 67
5 52
100 67
100 67
100 67
100 67
100 67
57 63
100 67
100 67
100 67
100 67
100 67
80 48
48 98
100 67
72 49
100 67
100 67
59 86
100 67
100 67
26 71
46 85
100 67
100 67
12 66
100 67
40 62
100 67
64 91
73 92
78 98
39 22
17 29
89 39
100 67
100 67
14 45
83 71
88 7
52 46
13 65
100 67
65 22
50 25
23 53
96 24
83 76
33 55
89 21
100 67
34 44
68 86
100 67
20 74
71 76
29 8
22 24
96 24
59 46
100 67
11 98
80 15
100 67
100 67
16 21
59 20
56 98
94 13
48 14
5 61
58 24
10 72
92 14
100 67
100 67
99 86
31 39
53 2
100 67
61 51
6 21
100 67
61 22
57 69
6 86
68 98
30 40
3 84
39 58
64 11
9 58
83 50
54 8
9 21
96 65
15 76
53 82
58 13
96 13
100 67
75 51
33 57
1 47
100 67
7 8
60 44
94 74
100 67
100 67
83 47
16 6
20 14
99 92
93 46
20 63
94 5
100 67
72 8
95 32
2 48
91 50
74 85
83 88
95 82
48 7
20 98
97 35
73 49
60 75
38 44
94 26
73 59
91 74
89 27
95 94
16 6
18 70
100 67
2 13
59 6
83 65
28 5
57 14
46 55
77 2
70 71
73 30
100 67
100 67
38 57
100 67
39 34
100 67
61 14
73 29
26 36
88 76
53 82
48 69
11 42
30 55
17 36
100 67
11 91
73 12
94 55
100 67
100 67
100 67
53 9
38 52
100 67
88 8
100 67
93 15
19 1
96 6
43 48
54 75
100 67
58 4
54 60
38 11
94 28
100 67
94 88
100 67
100 67
35 13
83 85
97 55
83 60
28 74
3 60
97 94
100 67
5 66
100 67
16 43
14 8
66 69
100 67
52 22
100 67
37 85
98 21
10 55
100 67
88 55
63 6
15 24
37 60
44 45
19 44
100 67
100 67
46 51
28 99
55 24
41 21
100 67
17 59
59 29
38 71
10 92
94 70
51 22
0 0 0
