3
8 0
7 7
0 6
4
0 0
5 0
5 5
0 5
3
0 0
2 2
0 2
3
3 1
5 1
5 3
5
0 0
3 0
3 1
1 3
0 3
5
0 0
3 0
3 1
1 3
0 3
9
0 0
9 4
13 13
9 22
6 24
-6 24
-9 22
-13 13
-9 4
4
1 0
0 5
-1 0
0 -5
8
-43 16
-42 -15
-25 -28
43 -24
47 -8
43 22
9 33
-11 35
6
-9 -36
11 -35
18 10
2 32
-19 1
-18 -6
4
-230 -359
-57 -484
386 -568
307 -183
22
119 60
101 99
97 105
78 122
56 125
-9 132
-14 130
-34 120
-67 92
-88 69
-110 31
-121 -8
-118 -48
-94 -107
-77 -124
-50 -129
-4 -127
41 -117
76 -90
82 -85
89 -74
103 -13
40
904 -405
906 -400
395 -616
-16 -989
-10 -992
0 -992
27 -991
50 -990
103 -987
122 -985
130 -984
151 -981
163 -979
228 -966
253 -960
260 -958
312 -942
324 -938
369 -921
392 -912
408 -905
442 -888
467 -875
500 -857
524 -843
527 -841
570 -812
604 -786
618 -775
658 -742
687 -716
715 -688
731 -671
772 -623
797 -591
812 -570
843 -523
876 -463
878 -459
899 -416
40
-923 -266
-817 -489
-724 -604
-635 -711
-626 -718
-536 -780
-352 -889
-334 -897
-205 -934
102 -954
270 -920
357 -891
399 -874
494 -820
513 -809
629 -718
672 -680
756 -591
934 -213
944 -122
954 -4
955 30
939 178
918 261
894 345
865 405
776 565
709 644
478 832
382 877
305 890
202 900
-729 407
-755 393
-841 335
-932 234
-954 50
-956 18
-956 16
-946 -113
20
-602 696
-651 631
-793 366
-918 108
-413 -608
-217 -865
-152 -899
-11 -930
387 -849
803 -454
903 -245
940 -73
889 187
838 433
709 601
635 686
548 743
335 869
-80 939
-272 861
20
650 678
632 694
581 736
486 805
417 842
374 864
356 871
293 893
270 901
248 898
532 454
929 103
932 110
933 119
916 213
884 315
863 376
839 422
790 509
770 542
4
-659 -167
547 168
-117 471
-597 636
24
-751 577
-853 365
-888 233
-868 -141
-804 -366
-788 -408
-585 -667
-493 -753
-235 -859
115 -944
260 -887
649 -728
818 -405
901 -77
817 342
760 460
746 481
656 593
524 743
290 895
98 921
25 923
-373 906
-565 793
40
623 -762
668 -724
722 -670
742 -647
771 -612
803 -569
832 -526
861 -478
877 -448
894 -413
908 -381
919 -354
943 -283
948 -266
961 -215
968 -178
975 -137
976 -130
982 -70
983 -59
983 -58
982 33
981 56
978 110
977 121
970 166
965 193
963 203
960 216
952 250
949 261
940 292
937 300
933 298
602 -251
440 -879
464 -868
513 -841
521 -836
577 -798
40
886 -448
917 -386
941 -237
985 58
981 107
967 171
892 396
851 469
730 659
602 790
499 856
250 956
176 931
-117 719
-361 539
-539 407
-850 173
-967 61
-995 -37
-949 -282
-928 -348
-893 -430
-853 -509
-796 -598
-748 -651
-641 -754
-528 -831
-437 -892
-414 -906
-347 -927
-220 -966
-104 -975
29 -985
50 -984
110 -976
460 -880
486 -870
595 -799
609 -789
783 -610
4
240 444
182 332
-26 -555
464 -23
32
596 268
617 282
708 344
751 376
769 394
785 411
769 423
657 387
603 367
503 323
181 166
50 99
-155 -11
-357 -125
-394 -146
-489 -203
-609 -278
-645 -301
-694 -337
-772 -402
-786 -415
-769 -424
-704 -407
-666 -393
-635 -381
-459 -304
-308 -231
-175 -165
-36 -92
83 -29
231 52
469 189
30
100 114
83 123
51 128
17 120
-9 111
-20 107
-35 97
-39 94
-83 57
-90 50
-109 22
-117 9
-123 -7
-132 -34
-132 -47
-122 -100
-110 -112
-73 -129
-57 -129
-38 -128
-9 -122
12 -112
46 -92
53 -86
100 -34
114 -5
131 37
134 66
128 80
112 106
9
-37 10
-31 -21
-9 -22
32 -23
34 -10
30 7
9 26
0 32
-36 11
40
-881 282
-907 173
-918 122
-816 -185
-679 -342
-535 -489
-513 -503
-419 -557
-244 -650
-56 -701
94 -732
258 -739
410 -722
478 -699
562 -668
720 -578
742 -564
787 -521
867 -408
912 -278
918 -163
918 -132
907 -29
724 307
656 391
578 454
425 563
376 589
324 612
277 629
-28 722
-58 729
-254 735
-404 717
-524 685
-548 678
-675 614
-725 568
-837 428
-850 395
40
142 84
116 106
66 130
29 138
7 139
-13 138
-32 135
-55 130
-82 119
-121 93
-145 69
-153 60
-160 46
-167 29
-169 22
-174 -5
-162 -55
-152 -71
-139 -85
-115 -105
-105 -113
-96 -119
-83 -125
-57 -133
-44 -136
-8 -140
8 -139
53 -130
67 -126
105 -109
127 -92
150 -66
161 -49
172 -20
173 4
162 44
160 50
152 69
145 80
143 83
16
40 215
-99 -96
-169 -256
-183 -307
-217 -447
-176 -398
-93 -289
-62 -236
57 -25
96 65
153 198
192 334
227 474
196 454
140 386
93 315
27
-160 68
-164 49
-169 23
-165 -19
-151 -54
-140 -71
-115 -109
-92 -126
-46 -156
-18 -165
21 -167
60 -164
101 -143
140 -113
163 -36
163 -32
155 14
153 25
147 52
121 105
93 127
51 152
-10 164
-81 153
-120 126
-137 112
-157 81
8
36 27
10 45
6 43
-24 14
-20 -32
0 -42
12 -36
41 -18
17
-600 -107
-498 -280
-113 -642
194 -567
384 -472
453 -433
511 -261
546 -21
535 226
508 326
409 471
-14 644
-299 563
-436 392
-489 325
-591 65
-596 33
5
442 73
-111 475
-660 483
-173 -460
420 -149
8
145 606
-312 429
-658 -357
-581 -407
75 -786
354 -753
617 -421
315 564
29
-44 634
-332 385
-489 239
-610 80
-730 -178
-769 -309
-783 -467
-618 -718
-596 -740
-577 -750
-491 -766
-298 -758
-174 -730
-156 -723
-30 -654
167 -536
301 -446
327 -423
446 -284
483 -231
625 -9
753 212
769 509
758 537
637 737
510 773
447 782
286 759
59 685
13
26 96
-42 95
-119 81
-138 49
-127 -11
-84 -77
-51 -106
17 -131
88 -124
117 -110
126 -18
106 28
68 74
4
-60 42
27 -13
213 76
-37 63
15
-894 223
-565 -424
-250 -643
-51 -675
447 -749
505 -707
771 -513
871 -336
884 -254
739 159
269 627
252 629
-470 661
-577 630
-897 259
31
0 110
-37 103
-48 100
-79 86
-81 85
-112 66
-123 55
-131 46
-140 33
-145 22
-147 6
-146 -35
-137 -49
-129 -59
-99 -87
-74 -99
-34 -109
8 -108
30 -107
66 -96
89 -83
119 -55
141 -29
142 -26
149 16
145 33
123 62
108 81
91 91
67 100
17 108
10
-97 542
-226 571
-520 433
-179 -127
-4 -297
181 -441
502 -452
615 -122
194 441
41 510
33
-119 41
-121 35
-126 13
-123 -15
-111 -50
-95 -71
-88 -77
-52 -98
-45 -102
-41 -104
-23 -109
33 -111
41 -109
69 -98
102 -71
109 -62
115 -53
125 -18
126 -10
126 1
125 15
117 38
108 54
104 61
71 90
45 102
20 110
-3 112
-21 111
-50 104
-64 99
-96 75
-115 47
29
86 -173
178 -239
254 -281
353 -330
355 -330
389 -325
396 -314
394 -308
355 -240
331 -201
290 -155
265 -129
214 -77
136 -6
53 67
-153 223
-209 261
-258 289
-337 328
-377 327
-391 318
-380 277
-353 233
-326 200
-310 181
-257 123
-148 19
-51 -67
42 -141
7
-88 -30
-223 -255
-250 -390
164 108
273 385
311 523
-77 -12
37
52 166
18 156
-29 128
-46 114
-70 90
-87 72
-124 11
-128 4
-140 -25
-144 -38
-150 -59
-151 -72
-148 -101
-144 -121
-139 -137
-117 -158
-105 -166
-52 -169
-1 -150
5 -146
39 -123
52 -112
95 -60
127 -10
132 -1
138 10
140 15
146 36
152 60
152 65
150 94
149 106
143 132
117 159
94 164
87 165
62 167
17
953 98
840 419
719 593
330 900
168 869
-923 192
-893 -104
-867 -241
-734 -521
-666 -649
-478 -832
-281 -887
161 -937
481 -765
785 -524
808 -485
899 -294
39
680 -670
683 -667
699 -650
712 -636
759 -579
778 -553
790 -536
802 -517
823 -482
839 -454
850 -434
862 -408
881 -364
893 -335
904 -304
909 -289
918 -261
921 -251
930 -215
937 -180
947 -120
950 -82
951 -69
952 -43
953 -7
953 25
952 65
951 80
950 88
940 164
935 184
613 -251
531 -793
545 -784
556 -776
574 -762
605 -737
617 -727
649 -700
12
615 30
613 64
607 135
593 183
542 259
373 -86
420 -459
452 -425
509 -354
540 -301
567 -248
585 -212
20
484 337
304 536
260 564
192 585
62 619
-25 619
-111 592
-276 539
-360 506
-419 458
-497 359
-609 89
-594 -174
-521 -281
-434 -301
352 -408
537 -295
555 -281
603 113
509 308
16
-74 93
-96 -365
-85 -440
-58 -476
21 -392
68 -122
74 -84
87 80
93 186
97 257
80 411
67 483
38 496
10 427
-34 312
-46 263
3
24 -14
-19 28
-5 8
10
616 -300
433 382
152 505
-303 500
-610 214
-643 -47
-571 -376
-182 -608
180 -664
507 -453
40
-7 188
-32 166
-82 119
-102 100
-185 13
-259 -70
-311 -144
-351 -204
-366 -233
-372 -247
-383 -275
-389 -291
-390 -332
-385 -357
-379 -373
-307 -381
-236 -355
-188 -329
-151 -307
-42 -230
23 -172
138 -67
166 -37
206 8
288 113
297 125
342 191
367 243
385 286
392 320
377 370
344 384
326 383
305 380
293 377
237 354
174 322
98 272
73 253
52 236
5
-28 -22
-1 -25
7 -19
24 2
-39 -2
9
130 -815
153 -865
162 -771
126 -406
-118 786
-137 494
-98 246
35 -436
51 -509
26
58 894
49 885
29 828
20 800
-8 662
-15 614
-23 555
-42 400
-71 111
-93 -216
-103 -568
-102 -648
-87 -780
-74 -886
-49 -873
-25 -809
7 -678
29 -504
60 -237
76 -71
89 120
102 394
103 439
102 628
97 716
86 771
37
526 -488
567 -429
667 -265
745 -65
750 5
733 202
717 303
630 470
570 537
481 621
357 688
263 727
122 749
26 750
9 747
-141 717
-200 698
-279 672
-434 566
-526 484
-552 459
-734 97
-755 -48
-752 -93
-738 -168
-696 -311
-640 -449
-562 -552
-505 -598
-410 -661
-262 -723
-158 -748
-51 -747
139 -725
185 -711
238 -687
436 -574
4
3 -4
10 -9
33 13
-3 32
8
-360 -302
-145 -400
204 -501
535 209
507 275
429 325
-33 380
-141 272
40
957 156
935 257
906 354
829 511
744 619
689 686
589 763
354 894
232 934
130 951
-69 968
-143 963
-348 904
-592 769
-721 653
-878 414
-937 238
-948 205
-960 125
-963 -149
-940 -211
-834 -488
-791 -561
-720 -653
-635 -724
-466 -855
-373 -900
-161 -957
21 -961
184 -955
282 -933
460 -857
540 -813
681 -680
760 -604
928 -265
941 -209
958 -122
974 -31
967 102
10
35 -789
397 -549
898 -148
860 202
402 565
83 712
-398 673
-762 372
-812 210
-591 -536
12
355 645
5 141
-66 14
-304 -427
-351 -582
-244 -480
-160 -388
53 -44
207 231
315 465
325 492
352 624
6
-572 316
-465 -191
-141 -653
314 -475
896 110
-320 440
29
-454 -341
-296 -484
75 -721
89 -728
274 -765
431 -775
500 -761
666 -670
733 -631
797 -483
801 -402
789 -255
734 -73
667 84
369 420
265 535
22 680
-1 690
-137 747
-404 758
-648 694
-665 686
-743 599
-789 486
-793 457
-792 305
-707 7
-579 -220
-542 -258
32
-846 52
-833 -101
-785 -253
-735 -341
-660 -418
-493 -537
-308 -618
-173 -643
-76 -649
18 -645
180 -636
392 -570
709 -364
768 -285
804 -209
848 -100
855 72
849 96
802 216
730 343
539 509
451 563
398 588
169 637
24 647
-218 627
-434 554
-601 428
-723 334
-740 310
-801 206
-817 178
5
-21 -32
8 -40
28 26
13 42
-25 -13
10
90 -796
105 -701
113 -446
101 -35
-22 460
-90 718
-103 720
-127 443
-112 194
1 -546
24
83 448
10 273
-133 -88
-150 -137
-251 -432
-296 -578
-318 -658
-348 -836
-351 -866
-338 -887
-300 -855
-193 -683
-119 -528
-8 -280
108 14
173 192
272 535
336 762
339 847
335 859
324 869
304 856
273 800
199 666
32
-97 33
-34 -231
35 -471
62 -560
93 -655
130 -747
187 -824
195 -806
205 -728
205 -691
201 -645
197 -608
186 -512
147 -273
122 -153
51 160
33 236
-11 402
-48 527
-68 585
-107 693
-112 706
-159 803
-165 806
-197 808
-199 808
-203 772
-201 670
-195 595
-154 323
-145 272
-114 113
39
-608 431
-646 264
-653 231
-652 69
-648 5
-644 -34
-610 -189
-586 -264
-548 -380
-512 -452
-437 -540
-220 -786
-128 -839
-42 -870
21 -885
84 -894
158 -888
238 -858
372 -796
554 -583
607 -468
653 -247
659 -98
648 43
587 280
490 476
471 512
436 572
393 621
381 633
181 796
11 881
-122 888
-198 879
-258 862
-429 755
-530 632
-581 532
-594 492
3
18 -25
27 -4
4 -3
40
176 598
108 634
2 677
-244 690
-316 670
-447 585
-509 535
-607 313
-613 220
-606 87
-599 43
-576 -97
-508 -236
-451 -342
-400 -413
-383 -433
-365 -453
-281 -529
-270 -536
-85 -648
-46 -663
58 -697
138 -702
201 -704
308 -682
367 -651
448 -595
520 -524
548 -480
579 -395
601 -330
615 -177
612 -70
608 -32
589 50
518 206
438 361
365 453
294 511
218 572
40
685 -265
717 -163
726 -115
728 -94
730 -31
731 76
730 189
712 270
688 350
668 398
568 606
451 737
247 827
130 869
-70 889
-122 871
-238 823
-312 791
-447 683
-502 627
-506 621
-652 384
-705 222
-732 68
-718 -186
-712 -218
-664 -404
-637 -470
-556 -613
-490 -697
-419 -752
-268 -848
-54 -888
50 -887
95 -881
244 -815
400 -727
508 -619
589 -505
601 -479
9
122 -705
149 -753
28 125
-148 866
-90 271
-70 120
33 -382
73 -562
75 -570
9
37 -22
38 17
9 30
1 31
-34 28
-29 -12
-18 -25
5 -33
36 -25
6
-239 379
-155 155
174 -399
294 -457
-6 124
-175 441
9
-333 -389
-98 -521
36 -506
255 -378
522 49
236 284
-518 -11
-488 -149
-426 -283
7
522 98
491 303
-206 449
-504 -83
-156 -293
143 -377
356 -184
9
-6 -39
13 -39
23 -29
28 3
0 36
-8 37
-32 27
-29 -2
-20 -38
9
145 167
230 563
195 534
5 215
-173 -226
-226 -444
-171 -469
-83 -336
62 -47
29
-306 -218
-388 -320
-433 -383
-435 -386
-486 -472
-513 -539
-495 -543
-467 -542
-409 -505
-305 -422
-202 -331
-18 -147
102 -21
109 -13
181 70
332 249
392 328
433 384
494 502
509 549
457 528
363 471
270 392
256 380
111 237
-3 120
-65 56
-131 -13
-203 -96
32
-848 10
-722 -341
-644 -454
-576 -535
-489 -607
-453 -634
-395 -671
-332 -700
-262 -732
-49 -782
110 -772
211 -753
338 -727
521 -645
696 -489
773 -403
833 -173
831 -17
788 232
748 300
503 592
377 680
294 715
266 726
174 757
22 781
-195 766
-264 748
-504 662
-664 532
-791 315
-846 203
4
263 -199
435 322
-254 549
-592 240
23
-389 814
-681 577
-831 256
-870 133
-867 -328
-607 -717
-309 -883
-249 -905
-164 -919
197 -876
430 -786
503 -713
527 -677
878 -148
904 106
838 341
730 592
588 742
451 824
287 905
190 917
-79 913
-190 888
8
511 -401
176 -96
-27 82
-705 580
-626 481
-229 145
154 -171
229 -227
36
510 -524
616 -398
631 -375
675 -289
694 -250
726 -115
728 -73
732 15
732 95
704 213
690 261
653 334
592 434
497 533
452 547
289 518
66 478
-394 388
-638 339
-677 250
-713 163
-724 130
-735 48
-735 -41
-715 -164
-678 -266
-630 -386
-511 -533
-427 -599
-400 -619
-299 -672
-131 -723
-27 -738
110 -722
287 -678
426 -598
21
722 157
721 162
693 258
687 270
665 260
443 -142
381 -622
410 -618
442 -595
478 -567
485 -561
533 -513
599 -429
627 -392
663 -326
689 -271
699 -246
710 -214
722 -162
736 74
734 90
29
722 84
700 257
683 320
489 586
445 634
375 695
253 751
165 789
-99 799
-260 753
-403 667
-450 626
-593 470
-699 258
-723 184
-727 -102
-720 -160
-657 -299
-466 -612
-425 -646
-237 -740
-85 -778
4 -797
360 -666
398 -649
509 -541
644 -394
712 -172
716 -88
15
-793 132
-801 130
-796 111
-717 69
-376 -2
31 -75
108 -86
487 -125
831 -116
824 -109
758 -81
695 -59
282 23
-256 107
-643 140
5
-21 -66
241 -551
277 -533
276 -470
-91 267
6
-302 99
-239 51
389 -103
531 -129
462 -74
-134 77
35
43 -159
53 -155
63 -146
73 -133
80 -122
100 -90
111 -59
113 -50
115 -29
116 -8
114 35
111 61
109 74
98 99
87 119
64 148
35 167
32 168
19 171
5 173
-38 159
-50 154
-71 130
-94 101
-95 99
-108 66
-115 31
-118 3
-118 -8
-117 -26
-110 -67
-85 -123
-54 -157
3 -172
29 -164
7
-194 224
-371 362
-450 373
-254 151
213 -248
438 -408
345 -283
4
21 -15
-27 -22
-12 -39
21 -38
26
87 52
77 66
65 82
54 91
0 106
-20 111
-33 110
-69 91
-81 79
-102 35
-104 -17
-82 -64
-70 -77
-63 -83
-30 -105
-19 -108
-7 -109
47 -101
59 -95
64 -92
81 -76
93 -61
102 -39
106 -11
106 -6
97 33
20
110 8
112 49
113 119
106 125
65 150
32 161
11 153
-32 116
-59 83
-124 -49
-126 -109
-92 -159
-75 -166
-66 -166
-30 -150
-15 -140
23 -114
57 -80
70 -65
88 -44
6
-72 -365
522 -392
403 173
241 211
-429 239
-230 -179
3
-422 -452
-408 -423
-498 251
9
-104 95
260 -693
265 -651
171 -253
93 -37
-162 430
-169 420
-166 376
-154 268
25
-108 138
-130 121
-163 82
-178 63
-185 10
-184 -30
-171 -72
-143 -108
-101 -132
-18 -156
33 -167
46 -166
52 -163
99 -138
155 -97
160 -89
190 -22
184 30
161 89
145 109
97 145
69 157
-19 166
-23 166
-82 154
22
96 91
75 117
34 150
-20 173
-58 174
-81 166
-101 141
-115 107
-137 12
-126 -27
-113 -61
-108 -70
-74 -123
-42 -152
-39 -153
55 -178
80 -165
98 -149
124 -112
138 -62
118 23
112 48
17
295 -18
175 27
-39 95
-128 119
-436 173
-482 179
-506 172
-480 136
-440 89
-319 27
-58 -70
299 -162
349 -171
416 -179
479 -166
503 -152
419 -84
5
118 -145
-84 163
-311 353
-387 406
58 -117
0
