10.624999970332
2.828427113855
5.656854239078
25.999999991200
103.673175999575
654.764384705686
1926.654005239925
1875.468238620215
2508.051959875957
1990.420312347396
1774.913237306919
311.756315090861
1898.028450784750
1022.436795108206
1291.787960258262
1983.729266748924
1924.010914729024
1865.435337924737
1351.927882683412
1010.865470766475
1071.582941256111
1917.985424347535
1242.084760895068
976.729235765106
1544.226919816083
1673.093541910475
2024.452774367091
1041.449950787410
3335.430115589588
1533.955918171159
2457.165498458380
1528.235911098363
1876.640615557790
1802.505201101212
2582.740964703589
1646.016403310568
1076.112144119179
1067.249267975967
1492.725024911579
2111.213312093696
2089.859646071091
1475.878311543966
1965.466873366495
882.806887148035
1182.584035063883
230.981650884132
1141.298383413414
1199.672038512745
575.267297176651
1059.743836970028
