3
8 0
7 7
0 6
4
0 0
5 0
5 5
0 5
3
0 0
2 2
0 2
3
3 1
5 1
5 3
5
0 0
3 0
3 1
1 3
0 3
5
0 0
3 0
3 1
1 3
0 3
9
0 0
9 4
13 13
9 22
6 24
-6 24
-9 22
-13 13
-9 4
4
1 0
0 5
-1 0
0 -5
9
744 91
717 118
80 598
-370 429
-643 263
-708 206
-413 -651
-97 -658
739 -64
5
398 -363
-268 296
-355 343
-367 333
258 -327
35
-745 -125
-643 -256
-543 -336
-181 -500
-105 -514
-28 -522
94 -527
113 -527
337 -489
427 -456
472 -438
547 -406
659 -350
763 -196
769 -179
782 -135
773 21
733 145
681 226
602 295
531 344
494 369
314 453
298 460
147 498
-48 509
-96 511
-324 504
-438 478
-631 373
-653 360
-704 296
-772 191
-783 166
-793 54
9
-453 -167
-128 -90
307 55
566 151
271 114
241 106
-187 -9
-362 -82
-521 -152
12
-307 -206
-456 -401
-428 -465
85 -31
349 243
400 309
426 375
366 395
290 360
168 267
138 240
-131 -13
4
-24 -17
3 -10
-13 1
-32 -16
12
-346 484
-520 348
-527 202
-473 -247
-283 -357
35 -460
385 -470
597 -177
526 114
409 262
275 373
88 433
8
-38 -3
-29 -21
-9 -29
7 -27
30 -11
32 27
-29 28
-36 7
14
-44 -104
-8 -116
51 -129
75 -115
118 -82
123 -64
118 14
110 47
94 66
58 93
24 104
-61 109
-129 78
-132 23
30
-138 -33
-134 -43
-128 -57
-117 -75
-103 -90
-86 -103
-45 -128
-35 -130
17 -138
47 -136
65 -130
115 -86
126 -72
131 -55
135 -38
138 -24
142 -2
137 31
131 54
107 93
59 123
33 137
17 140
-1 140
-54 133
-113 86
-125 70
-132 54
-141 30
-143 6
8
-305 -378
295 -784
450 -745
671 -98
333 292
-143 628
-763 473
-656 167
18
529 254
455 392
259 509
-15 545
-194 496
-540 218
-550 -68
-492 -232
-384 -460
-366 -474
-234 -515
-81 -552
87 -557
192 -510
323 -432
393 -379
452 -329
589 116
11
225 230
129 165
-307 -210
-378 -315
-346 -305
-156 -184
-11 -73
38 -31
159 74
366 274
340 293
3
225 -273
825 -56
308 74
19
611 -486
634 -455
669 -402
682 -381
702 -343
721 -300
745 -229
761 -176
769 -133
778 10
759 2
420 -316
194 -747
217 -750
291 -721
399 -672
453 -637
466 -627
552 -551
36
-272 -712
-88 -750
78 -754
238 -727
392 -655
429 -632
529 -538
631 -433
648 -407
728 -202
740 -169
761 -40
763 15
751 96
733 194
716 234
648 391
631 428
554 513
332 684
260 710
118 688
0 612
-585 200
-685 123
-724 91
-756 12
-749 -77
-743 -152
-735 -183
-694 -312
-662 -379
-619 -448
-579 -490
-397 -652
-351 -676
8
-8 -39
14 -37
33 -20
37 -6
6 40
-18 27
-27 6
-30 -15
8
440 294
-173 -34
-384 -174
-589 -321
-386 -280
-20 -86
347 148
471 298
38
-133 142
-156 118
-188 55
-190 51
-195 -11
-188 -48
-186 -54
-178 -74
-169 -95
-153 -116
-132 -138
-114 -154
-90 -171
-56 -185
-13 -193
4 -195
54 -184
82 -176
122 -155
142 -135
158 -114
176 -83
183 -59
189 -38
194 14
186 39
178 63
170 81
164 93
148 116
118 148
85 171
46 186
32 190
17 193
-23 189
-71 180
-123 152
8
-172 239
-408 466
-530 579
-367 301
-161 89
440 -480
410 -416
230 -198
40
425 854
320 912
169 946
128 949
-51 956
-161 942
-238 914
-471 811
-524 785
-565 762
-688 652
-793 547
-924 218
-933 175
-962 -8
-898 -302
-859 -417
-761 -585
-664 -703
-545 -786
-365 -891
-355 -896
-196 -933
-76 -952
41 -953
234 -929
274 -915
377 -863
634 -704
679 -662
744 -599
865 -406
937 -231
965 -24
955 142
923 288
861 428
824 502
720 643
653 710
40
67 -152
77 -149
115 -125
137 -106
158 -75
165 -56
166 -48
171 -1
168 15
153 57
108 114
107 115
95 123
55 143
42 148
18 156
-11 157
-27 157
-35 156
-48 154
-67 149
-84 142
-101 133
-115 124
-132 106
-154 77
-159 66
-162 59
-168 12
-168 -12
-160 -41
-152 -56
-139 -78
-106 -116
-95 -123
-70 -138
-49 -148
-8 -159
-4 -159
51 -154
22
551 -241
591 -158
669 16
685 249
615 511
221 694
134 729
12 711
-277 577
-423 446
-580 219
-620 70
-679 -173
-657 -405
-441 -681
-234 -718
-161 -720
-8 -699
38 -685
94 -654
362 -485
393 -449
6
-268 304
-503 -59
-338 -314
316 -616
505 73
-226 363
16
-86 -212
-32 -148
259 216
498 558
545 631
556 671
553 677
525 687
366 533
220 366
18 132
-253 -212
-564 -677
-559 -706
-505 -665
-386 -554
28
108 82
92 109
62 137
52 142
35 150
17 156
-58 148
-80 131
-107 110
-118 93
-128 69
-139 27
-139 8
-136 -19
-120 -61
-99 -100
-89 -112
-71 -130
9 -157
12 -157
30 -156
74 -134
93 -123
122 -85
126 -73
137 -35
131 10
125 53
10
130 639
-205 638
-473 230
-382 -269
-351 -320
391 -468
571 -470
554 -108
496 177
295 597
40
-498 -14
-506 -46
-500 -86
-476 -106
-454 -122
-441 -130
-397 -148
-351 -163
-314 -169
-229 -177
-132 -180
-54 -175
34 -169
68 -165
228 -132
295 -110
371 -80
399 -67
449 -31
455 -25
495 16
502 26
506 70
483 104
457 123
441 132
298 172
214 179
161 182
97 181
-80 164
-107 159
-183 144
-309 107
-326 101
-419 57
-428 52
-436 47
-455 32
-480 9
4
-9 -40
21 -16
1 39
-11 -23
33
120 -35
129 -13
137 8
137 38
133 53
115 82
89 99
62 111
47 114
19 115
-21 105
-38 99
-67 87
-90 70
-100 60
-122 30
-130 17
-138 -19
-138 -23
-133 -54
-131 -60
-111 -87
-101 -96
-80 -107
-70 -110
-33 -114
-22 -114
-12 -113
32 -105
44 -100
59 -92
91 -69
111 -47
20
45 139
7 147
-72 123
-114 97
-140 71
-146 51
-153 -16
-140 -40
-103 -105
-45 -132
-13 -139
27 -145
36 -142
74 -125
109 -108
127 -83
153 -10
136 40
111 100
85 120
9
16 40
15 41
-9 30
-36 -20
-32 -26
-20 -38
-1 -43
32 -33
20 25
33
5 -514
74 -508
178 -486
288 -418
364 -365
410 -332
436 -293
464 -247
520 -119
530 -94
522 111
519 122
490 214
317 397
268 427
258 432
108 492
10 506
-167 492
-222 474
-326 412
-396 356
-430 318
-479 242
-505 154
-532 56
-534 -13
-528 -53
-480 -206
-361 -377
-280 -434
-246 -451
-170 -485
19
-106 -145
-3 -160
32 -160
97 -136
138 -108
163 -67
175 -42
173 -17
154 56
125 111
87 152
-9 174
-94 155
-120 133
-151 69
-181 -9
-170 -64
-152 -98
-142 -112
34
51 -115
78 -101
87 -95
99 -80
113 -56
125 -22
124 9
120 22
111 44
108 49
88 76
75 92
35 115
14 119
-11 123
-34 120
-56 113
-68 108
-101 76
-112 64
-122 36
-123 22
-123 -4
-122 -16
-116 -32
-109 -45
-92 -71
-82 -85
-79 -88
-63 -100
-36 -113
-19 -118
-3 -122
47 -117
11
-660 283
-191 10
55 -90
423 -222
480 -185
480 -175
367 -89
234 -20
167 14
116 36
12 72
27
-164 788
-313 736
-463 630
-514 579
-596 470
-671 280
-712 131
-682 -223
-646 -322
-587 -443
-372 -662
-265 -735
-166 -777
-103 -792
166 -786
249 -760
432 -662
572 -487
661 -295
675 -229
705 29
672 216
637 334
497 553
408 632
230 753
-104 802
12
-70 316
-115 429
-208 620
-264 651
-140 235
115 -420
149 -505
230 -676
273 -731
243 -564
155 -290
-31 217
6
527 69
-546 -9
-676 -67
-55 -71
435 -15
568 57
17
-170 -8
-161 -79
-117 -130
-107 -138
-63 -163
17 -176
54 -172
137 -109
169 -39
170 10
166 47
155 84
89 155
-49 167
-73 155
-116 128
-166 55
40
958 268
933 341
858 491
819 550
757 638
655 744
560 819
446 890
348 930
236 939
-300 662
-649 477
-934 321
-976 204
-985 148
-989 -133
-987 -146
-929 -339
-888 -436
-849 -512
-672 -735
-406 -907
-337 -932
-177 -974
7 -996
94 -991
147 -984
295 -950
303 -947
344 -930
458 -876
579 -810
694 -712
792 -595
838 -529
862 -482
943 -319
974 -213
989 -54
980 162
40
976 -66
977 -41
977 41
974 78
972 101
965 164
956 209
946 251
939 277
923 326
904 374
896 394
892 403
877 435
851 483
823 529
805 557
793 574
774 599
770 604
722 660
708 675
684 699
653 729
641 739
600 773
591 780
552 808
546 805
546 803
677 269
948 -208
951 -212
953 -210
955 -207
958 -198
963 -175
969 -136
972 -112
975 -78
30
-530 79
-542 27
-516 -152
-488 -326
-470 -365
-389 -494
-299 -563
-106 -663
32 -671
79 -664
148 -629
275 -557
307 -530
407 -428
425 -392
503 -202
510 -164
514 16
506 256
495 311
480 344
405 466
305 558
228 625
107 660
5 660
-145 646
-214 611
-351 497
-505 187
16
-358 -430
-284 -483
-133 -565
-38 -589
183 -541
354 -464
520 -213
584 45
395 433
89 551
39 569
-173 555
-488 336
-501 300
-527 38
-512 -274
29
266 409
240 416
212 411
169 369
138 337
81 274
32 209
-8 155
-44 101
-89 25
-186 -144
-207 -187
-245 -275
-273 -361
-275 -403
-269 -420
-251 -422
-231 -421
-169 -372
-123 -326
-88 -282
40 -100
80 -41
136 59
151 86
212 198
228 234
267 341
277 381
6
-78 -281
-49 -583
38 -150
78 536
49 542
-12 320
21
271 59
358 116
426 176
490 237
491 284
446 280
332 245
223 206
70 138
43 125
-98 48
-275 -62
-365 -123
-373 -129
-439 -180
-480 -255
-411 -271
-375 -266
-170 -186
-53 -131
83 -54
34
424 496
342 566
265 602
208 622
89 645
42 648
-105 626
-203 578
-281 539
-349 502
-455 394
-523 308
-548 264
-594 137
-614 -105
-568 -282
-521 -387
-443 -472
-405 -510
-341 -558
-271 -601
-111 -641
-73 -640
-20 -638
74 -631
114 -621
187 -597
342 -518
485 -373
525 -310
601 -103
616 140
591 250
564 320
28
-171 -52
-140 -100
-135 -104
-47 -137
-23 -140
68 -136
83 -131
98 -125
124 -112
148 -93
161 -78
183 -43
186 -34
183 26
180 53
149 93
139 100
57 136
33 138
-38 143
-86 127
-116 115
-162 79
-178 50
-188 29
-186 9
-181 -26
-173 -47
20
-92 -690
-74 -699
82 -756
276 -765
407 -734
523 -571
598 -336
557 -108
533 23
513 114
355 464
271 578
118 702
-19 774
-200 797
-411 659
-500 586
-576 454
-529 -103
-211 -559
7
-354 -895
8 -892
286 -837
732 173
-273 784
-605 -46
-595 -246
9
-515 279
-591 -232
-342 -569
180 -576
408 -452
511 -30
451 37
-88 553
-465 318
40
273 -701
439 -635
493 -609
520 -594
683 -444
699 -426
760 -331
827 -176
837 -129
845 -40
838 70
789 263
728 387
712 406
591 532
540 579
464 622
334 688
254 712
94 744
-150 737
-219 724
-404 661
-545 576
-697 428
-719 402
-777 305
-795 261
-816 203
-842 87
-846 -49
-818 -197
-774 -291
-671 -456
-578 -545
-475 -603
-304 -694
-231 -721
-127 -741
118 -741
10
809 -164
521 561
473 607
304 711
-157 789
-785 414
-890 -190
-341 -518
126 -735
776 -306
20
585 96
583 112
579 135
572 161
567 176
550 222
540 249
516 276
436 -24
480 -340
484 -339
503 -314
507 -308
532 -266
543 -242
557 -208
566 -182
587 -99
592 -58
593 15
22
-572 40
-573 18
-539 -69
-475 -193
-186 -362
139 -549
257 -484
416 -395
476 -333
554 -139
575 -35
565 120
505 260
449 349
432 366
261 503
90 572
60 571
-239 531
-414 396
-450 349
-535 217
3
-130 0
75 164
44 283
6
-5 -32
21 -26
30 -3
-13 29
-33 -6
-16 -22
8
17 -283
93 104
104 204
11 461
-18 357
-170 -766
-149 -837
-90 -733
4
-1 25
-27 -1
-19 -2
-3 8
4
-2 7
21 -30
30 -17
11 22
4
295 232
-232 373
-112 -293
224 -75
38
716 -324
734 -280
741 -261
747 -244
754 -222
757 -212
769 -162
774 -137
776 -124
778 -110
781 -84
783 -61
784 -45
784 -19
783 66
782 76
779 105
778 112
776 124
770 158
766 175
759 203
753 225
742 257
727 299
719 317
699 359
695 367
682 389
657 431
643 452
632 466
582 43
693 -361
694 -364
695 -364
703 -349
713 -330
29
-612 -432
-600 -447
-498 -560
-477 -578
-364 -654
-236 -714
-134 -739
54 -738
168 -726
185 -720
338 -662
415 -619
499 -543
632 -402
698 -214
745 -73
749 13
664 312
641 388
588 449
537 504
461 567
236 681
125 717
-583 301
-718 188
-747 84
-735 -97
-643 -382
13
349 -301
478 38
458 113
310 331
-76 336
-285 327
-393 308
-465 174
-455 -191
-413 -236
-257 -393
-172 -463
205 -384
24
349 -341
68 -340
-183 -447
-189 -450
-193 -454
-183 -458
-157 -467
-97 -484
-68 -489
-14 -493
8 -493
30 -492
60 -488
106 -481
136 -473
157 -467
198 -452
258 -420
296 -394
300 -391
311 -382
325 -370
344 -353
350 -345
4
25 19
-38 -3
-8 -33
11 -21
35
-139 -265
-161 -359
-177 -456
-181 -513
-165 -544
-149 -529
-131 -503
-99 -444
-51 -333
-3 -206
20 -139
40 -78
78 40
87 69
94 93
120 187
152 321
157 344
177 450
181 493
181 504
172 524
163 536
159 537
136 505
112 464
108 457
78 393
53 335
38 299
31 281
-29 113
-59 17
-118 -184
-129 -225
5
14 -140
28 -194
55 239
-19 395
-44 383
6
65 -114
243 -92
159 38
-465 166
-422 96
-145 -33
40
-546 -425
-335 -528
-243 -558
-100 -597
45 -610
285 -608
391 -597
495 -574
652 -515
687 -493
840 -351
879 -286
894 -246
911 -171
919 -94
885 47
815 174
713 292
688 314
653 341
512 426
302 538
241 555
223 560
83 598
-142 608
-211 608
-400 599
-576 549
-671 501
-806 390
-873 294
-904 224
-917 136
-907 37
-882 -46
-839 -133
-805 -190
-774 -222
-680 -315
40
-559 614
-609 522
-689 364
-734 248
-765 96
-770 -103
-739 -328
-706 -442
-689 -492
-627 -610
-606 -646
-527 -747
-453 -813
-381 -853
-269 -911
-184 -936
-40 -968
35 -965
173 -909
341 -821
390 -791
408 -776
507 -690
617 -530
689 -362
720 -289
750 -107
760 -31
763 105
750 298
727 382
696 478
642 597
488 800
451 830
205 945
131 966
-92 948
-294 870
-431 755
34
44 153
-3 140
-33 125
-62 103
-114 52
-126 32
-152 -12
-157 -29
-162 -54
-159 -90
-146 -117
-137 -132
-119 -144
-105 -151
-86 -156
-56 -156
-27 -152
27 -128
48 -117
56 -111
66 -102
98 -69
109 -53
137 -12
150 11
156 22
163 75
159 94
156 102
140 124
126 138
114 147
93 152
88 153
9
530 126
-247 384
-304 396
-735 144
-393 -315
115 -554
172 -555
375 -546
474 -176
40
719 -664
744 -636
771 -603
795 -571
800 -564
811 -548
819 -536
839 -504
853 -479
863 -461
877 -434
880 -428
890 -407
894 -398
910 -360
919 -336
928 -310
938 -278
948 -242
963 -171
965 -160
969 -135
973 -99
975 -69
976 -25
976 -24
974 -18
600 -394
399 -894
437 -876
445 -872
480 -853
490 -847
529 -823
545 -813
554 -807
602 -772
634 -745
690 -694
707 -677
40
765 -582
822 -491
891 -372
955 -135
953 124
944 208
908 305
841 455
820 502
722 631
610 749
505 818
404 878
289 909
77 807
-58 742
-735 413
-828 361
-877 317
-924 269
-953 156
-960 19
-962 -92
-913 -303
-871 -423
-781 -571
-641 -725
-516 -814
-354 -899
-252 -935
-111 -959
-73 -962
-5 -964
183 -947
311 -914
339 -905
419 -867
514 -817
593 -762
707 -650
3
285 -75
-44 373
-267 656
35
123 -513
223 -722
246 -761
281 -819
306 -845
318 -857
326 -852
331 -837
332 -802
319 -723
303 -660
275 -555
262 -511
223 -384
158 -193
127 -108
44 117
-14 260
-119 504
-144 562
-169 616
-189 655
-246 762
-267 793
-318 855
-329 842
-326 765
-309 688
-295 629
-218 370
-158 191
-103 42
-72 -41
34 -308
94 -448
3
31 7
-8 -17
38 -8
5
12 -11
31 7
16 7
-26 6
-7 -9
22
-44 -82
45 -58
182 -16
421 66
512 108
571 160
471 157
443 154
293 137
239 126
156 106
-101 42
-223 5
-322 -26
-420 -67
-567 -137
-571 -153
-481 -161
-399 -154
-329 -145
-301 -140
-219 -122
12
59 -33
233 65
323 119
558 279
650 380
524 338
311 232
46 77
-584 -313
-523 -318
-396 -273
-119 -128
9
-127 6
-280 -95
-487 -349
-436 -329
-111 -166
43 -72
319 153
525 353
452 372
25
211 470
45 509
-58 506
-285 434
-407 348
-432 325
-530 183
-557 82
-567 -1
-550 -171
-538 -199
-464 -325
-408 -385
-338 -426
-189 -492
18 -516
200 -456
237 -442
429 -318
511 -212
564 -41
524 237
374 383
327 422
243 461
5
550 14
279 26
-250 38
-240 -74
504 -66
7
-259 -537
598 -22
654 215
304 587
57 496
-603 199
-508 -418
9
-201 -11
-326 -77
-479 -233
-207 -132
438 115
579 182
559 230
551 234
174 133
24
-18 -446
8 -355
13 -333
37 -204
53 -103
71 46
86 233
95 354
95 389
81 525
48 509
13 418
-12 330
-62 23
-76 -123
-88 -251
-92 -319
-92 -426
-91 -442
-89 -460
-68 -536
-67 -536
-51 -523
-31 -485
6
-30 3
-10 -7
11 1
19 8
11 18
-7 13
12
410 161
164 445
111 476
-245 404
-379 290
-416 230
-424 84
-405 -29
-363 -224
-18 -460
179 -411
388 -206
6
-262 -264
-228 -273
95 -28
266 159
285 202
-152 581
37
87 -90
90 -87
107 -63
114 -48
117 -41
124 -18
124 19
121 30
114 53
103 71
88 88
69 104
33 120
28 122
9 123
-11 124
-43 117
-65 106
-77 97
-91 85
-97 76
-108 58
-116 44
-119 35
-121 24
-123 11
-123 -22
-114 -48
-101 -72
-75 -95
-58 -108
-34 -118
-17 -122
17 -124
26 -122
42 -117
63 -107
0
