10.624999970332
2.828427113855
5.656854239078
25.999999991200
1499.059779996514
1593.683155454073
1197.879793630818
1241.538988381308
482.368237771880
2066.043569072917
948.924127624196
1526.459902561328
1227.501934818065
1436.099230545551
2188.977023217831
1956.796098988889
1774.607843992726
1405.652151299819
287.167198678162
348.964619729486
1339.845577081178
1232.324632553627
1820.810054846334
1250.164789132668
1994.354208716231
2160.862040352640
1129.260377410901
1533.625775925884
1646.939586009921
2270.659761632032
2873.633892704675
1159.767182934957
332.212281523425
1307.824147193060
734.112686689059
1510.904775875588
980.961100049171
1128.708997032390
753.543628457010
2732.917107834965
1337.045048012442
1934.891536234318
1826.318701648688
57.008771250366
1415.275591534737
1430.736880035965
1336.310754186343
1136.829797360406
948.390463884152
862.531620907703
