3
8 0
7 7
0 6
4
0 0
5 0
5 5
0 5
3
0 0
2 2
0 2
3
3 1
5 1
5 3
5
0 0
3 0
3 1
1 3
0 3
5
0 0
3 0
3 1
1 3
0 3
9
0 0
9 4
13 13
9 22
6 24
-6 24
-9 22
-13 13
-9 4
4
1 0
0 5
-1 0
0 -5
40
-12 992
354 715
799 593
796 597
775 624
760 642
754 649
747 657
728 678
707 700
705 702
674 732
641 761
612 784
599 794
562 821
550 829
508 855
503 858
459 882
436 894
426 899
405 908
348 932
313 944
281 954
271 957
260 960
237 966
229 968
216 971
197 975
159 982
116 988
106 989
95 990
82 991
68 992
33 993
-7 993
40
994 -38
988 104
971 175
927 357
903 402
843 510
824 544
749 654
612 778
534 840
482 867
265 960
-23 986
-82 982
-203 971
-272 956
-407 904
-577 811
-620 774
-731 675
-811 560
-933 336
-949 287
-976 192
-987 127
-981 -54
-941 -314
-867 -487
-808 -580
-733 -665
-680 -718
-607 -730
186 -819
305 -832
492 -852
559 -813
723 -677
865 -492
941 -302
974 -200
7
123 -1
631 347
-17 52
-381 -167
-559 -298
-531 -307
-425 -280
10
625 -341
587 -296
78 50
7 87
-326 242
-485 269
-410 144
-247 45
331 -250
442 -297
12
-744 -269
-473 -672
-196 -844
243 -811
315 -770
642 -502
756 -255
537 494
-59 701
-407 647
-714 187
-837 1
6
599 287
-265 316
-497 -313
-304 -419
137 -585
627 270
3
-22 22
18 -11
10 40
21
415 558
383 612
265 761
71 914
-121 874
-264 815
-295 770
-467 433
-501 230
-514 105
-495 -253
-464 -409
-372 -642
-296 -759
-33 -966
173 -803
307 -694
458 -447
485 -297
511 98
502 259
21
110 -95
31 243
-36 503
-70 623
-166 861
-214 809
-185 546
-178 486
-163 375
-147 276
-145 265
-93 7
-82 -46
-38 -231
31 -495
138 -810
198 -868
198 -684
188 -562
164 -380
147 -267
9
9 35
-20 32
-28 4
-26 -6
-23 -12
-12 -28
1 -33
15 -29
23 25
8
-471 -315
26 -617
335 -265
586 31
638 305
538 369
106 487
-431 -188
5
-10 -29
22 -10
12 12
-3 15
-28 -20
9
-34 14
-38 4
-20 -27
-4 -31
37 -4
39 3
35 13
2 36
-8 35
8
-86 -692
-62 -716
68 173
75 716
49 674
23 549
-22 233
-73 -213
3
32 397
436 325
286 450
6
278 -354
301 -265
-36 141
-492 607
-489 502
-159 66
27
-17 -170
-3 -172
38 -170
55 -166
75 -158
97 -147
116 -130
153 -84
172 -35
177 -1
176 6
154 84
106 136
84 148
54 163
-1 166
-22 167
-70 156
-112 132
-130 112
-154 78
-158 69
-174 20
-174 -26
-148 -91
-103 -139
-56 -158
8
22 -33
29 17
29 19
-20 27
-27 22
-31 19
1 -29
5 -30
3
26 424
703 212
573 580
26
170 76
141 121
129 131
99 151
67 161
56 164
6 175
-40 170
-71 163
-146 113
-186 1
-187 -9
-186 -28
-177 -70
-158 -97
-128 -129
-72 -159
-2 -172
49 -168
108 -141
148 -97
171 -47
180 -21
185 -2
186 17
182 35
22
601 -383
746 -266
823 -121
865 52
840 223
750 345
630 440
462 511
196 575
-225 534
-443 461
-720 328
-783 219
-841 103
-894 -83
-915 -176
-862 -272
-705 -408
-358 -551
-192 -550
95 -547
146 -545
34
97 -122
110 -107
118 -88
126 -65
137 -24
142 -4
141 11
131 48
118 73
91 108
65 133
36 147
-17 158
-62 144
-70 141
-74 139
-91 128
-108 104
-112 98
-133 64
-137 44
-139 24
-133 -45
-122 -69
-118 -76
-102 -100
-77 -125
-61 -137
-55 -140
-18 -155
13 -158
39 -153
79 -137
87 -131
9
8 -29
23 -17
28 4
19 25
-14 25
-26 14
-25 -14
-19 -21
-15 -23
13
228 359
45 137
-191 -169
-382 -426
-429 -494
-478 -577
-496 -620
-449 -606
-392 -550
125 82
487 582
493 601
444 603
5
-22 -11
-1 -24
13 -29
31 20
14 17
5
-21 29
-41 4
-30 -11
6 -16
-7 30
40
556 698
488 735
399 768
255 776
67 747
-53 721
-112 689
-295 586
-384 512
-448 452
-612 248
-636 200
-710 51
-764 -158
-772 -235
-733 -464
-658 -602
-617 -649
-559 -699
-360 -776
-277 -782
-236 -784
-140 -770
-73 -759
-63 -756
79 -710
224 -633
340 -544
474 -427
591 -277
686 -84
699 -54
744 81
767 191
768 236
765 308
754 364
727 490
717 511
643 600
40
82 137
66 144
49 150
6 159
-18 162
-47 160
-62 158
-69 156
-93 144
-100 140
-131 122
-166 77
-172 61
-180 36
-181 27
-181 -3
-180 -10
-177 -24
-157 -69
-127 -106
-115 -117
-77 -140
-37 -156
-19 -159
27 -163
49 -161
76 -155
94 -148
107 -141
130 -125
149 -107
153 -103
164 -86
176 -49
181 -25
177 16
172 32
167 47
142 86
111 118
40
490 312
429 456
390 526
314 622
230 675
83 753
23 764
-125 748
-246 679
-309 628
-357 571
-416 468
-484 331
-510 213
-532 40
-534 12
-535 -30
-494 -281
-479 -321
-364 -548
-346 -580
-302 -616
-180 -714
-142 -734
-81 -756
-35 -761
16 -764
60 -762
96 -758
160 -734
174 -728
237 -690
255 -672
371 -551
422 -471
462 -394
494 -306
528 -149
533 53
526 123
10
68 -665
448 -600
667 -499
701 201
376 730
-395 594
-710 50
-666 -221
-406 -480
-168 -637
15
358 421
254 500
121 539
-83 522
-397 430
-500 198
-478 96
-390 -120
-191 -436
-44 -593
222 -524
439 -311
576 -9
568 80
491 221
39
469 -406
490 -380
497 -371
503 -363
517 -343
528 -326
538 -308
555 -277
566 -254
567 -250
566 -249
556 -252
202 -374
-105 -610
-96 -613
-89 -614
-39 -619
-27 -619
65 -617
75 -616
90 -614
123 -608
141 -604
173 -596
192 -590
229 -576
242 -571
277 -555
279 -554
306 -540
341 -518
344 -516
358 -506
377 -492
394 -479
410 -465
419 -457
435 -442
449 -428
23
39 -190
48 -70
51 -15
57 112
57 304
53 409
39 468
23 515
2 460
-18 343
-29 269
-37 172
-50 6
-53 -77
-54 -105
-53 -345
-52 -392
-48 -408
-32 -450
-18 -480
-4 -453
13 -401
31 -268
16
35 -100
94 -58
110 -19
108 4
102 33
73 74
39 95
3 100
-13 100
-33 97
-39 95
-64 84
-93 58
-106 -20
-50 -87
-12 -93
38
-120 36
-138 -10
-139 -44
-138 -53
-124 -84
-120 -89
-114 -95
-104 -103
-91 -112
-76 -118
-16 -122
19 -114
44 -104
58 -96
81 -80
92 -70
117 -40
131 -11
133 -4
139 40
133 62
132 65
127 76
124 80
116 87
86 111
73 115
64 117
33 123
30 123
17 122
1 118
-19 112
-44 104
-46 103
-65 92
-84 76
-101 60
22
219 92
118 92
55 90
-313 74
-389 70
-531 52
-560 48
-565 47
-671 13
-714 -8
-612 -51
-564 -62
-376 -83
-171 -84
37 -85
283 -80
486 -59
646 -28
678 -4
696 36
560 67
304 87
39
-564 -367
-601 -426
-595 -432
-541 -421
-511 -408
-474 -390
-464 -385
-419 -361
-361 -328
-234 -248
-195 -223
-130 -181
-54 -130
10 -86
139 7
271 108
364 183
451 256
541 339
543 341
563 363
581 383
592 404
584 424
573 427
537 417
469 386
445 374
230 246
139 187
107 165
-71 42
-110 13
-334 -158
-399 -211
-473 -275
-494 -294
-528 -326
-546 -346
39
586 290
485 496
384 660
336 721
247 804
64 904
-92 931
-243 908
-372 803
-424 760
-459 722
-509 657
-567 580
-570 576
-590 524
-616 450
-626 405
-644 306
-649 273
-644 -23
-629 -127
-591 -262
-565 -346
-502 -485
-428 -602
-331 -713
-202 -822
-152 -856
25 -923
149 -927
226 -915
387 -830
488 -708
516 -667
549 -617
624 -428
655 -147
634 108
624 146
4
-388 114
-401 -566
-320 -583
22 527
11
-47 -43
-9 -76
98 -155
174 -206
397 -351
329 -250
263 -158
206 -99
13 66
-332 323
-295 203
22
553 722
547 759
508 738
410 651
291 510
252 463
41 198
-80 37
-271 -238
-447 -509
-481 -566
-543 -679
-561 -774
-458 -706
-284 -506
-120 -300
-31 -182
108 6
216 157
304 288
444 501
522 638
7
97 401
-132 -258
-192 -550
-48 -272
188 408
197 448
207 545
8
477 -654
470 224
63 787
-194 783
-620 436
-687 93
-636 -346
-311 -604
4
-116 -449
238 -303
613 503
-414 310
29
144 14
140 23
132 37
103 73
69 108
43 126
-30 160
-77 162
-80 162
-98 157
-130 148
-137 139
-164 87
-160 38
-155 23
-143 -2
-123 -43
-106 -71
-99 -78
-74 -102
-62 -113
-6 -146
25 -160
57 -165
81 -167
148 -132
160 -96
162 -72
158 -19
30
-107 118
-133 79
-143 56
-149 39
-152 1
-153 -32
-144 -68
-116 -120
-93 -142
-83 -151
-24 -170
7 -172
32 -166
57 -158
65 -152
100 -125
114 -106
131 -79
142 -61
155 -7
155 16
147 57
146 60
132 90
118 116
99 137
67 157
27 167
-60 152
-82 137
3
88 -629
-587 183
-201 -297
21
-550 171
-609 18
-594 -191
-571 -328
-513 -468
-453 -595
-293 -656
-16 -722
305 -574
469 -314
482 -293
586 -9
599 115
607 246
484 580
403 645
225 741
11 741
-279 565
-308 526
-529 212
3
-375 -617
147 232
124 301
26
-682 135
-778 -142
-792 -299
-734 -404
-628 -519
-459 -683
-352 -691
-186 -681
3 -657
146 -608
177 -595
243 -566
369 -470
447 -399
582 -266
594 -247
658 -145
761 83
800 270
790 329
752 423
553 575
517 599
216 713
19 673
-212 507
40
405 911
360 929
329 941
318 945
253 964
221 972
208 975
199 977
182 980
159 984
152 985
123 989
108 991
31 996
28 996
-31 995
-37 993
338 579
885 458
886 458
877 475
839 539
819 569
804 590
787 612
772 631
768 636
757 649
726 682
693 717
683 726
644 761
637 767
626 776
599 797
580 810
524 848
494 866
472 878
459 885
40
647 692
550 765
474 820
457 832
398 858
326 882
63 946
22 944
-168 926
-277 903
-448 825
-559 754
-578 740
-697 643
-831 442
-892 293
-920 213
-870 128
-656 -181
-620 -230
-203 -796
-179 -828
-86 -935
13 -941
179 -934
319 -894
462 -810
649 -691
677 -663
722 -605
791 -515
826 -462
853 -413
902 -297
936 16
930 116
902 249
876 353
744 578
666 674
39
768 -94
775 -53
778 -30
780 91
748 247
731 289
679 386
628 465
558 554
481 620
314 719
268 738
190 760
109 773
22 785
18 785
-17 781
-204 758
-241 745
-384 687
-485 618
-497 608
-551 561
-701 348
-754 220
-675 32
-639 -53
-473 -412
-342 -662
-288 -733
-101 -769
15 -774
90 -775
192 -754
351 -695
511 -597
556 -556
636 -464
739 -245
16
-183 -764
-123 -778
-42 -785
7 -786
68 -784
98 -781
188 -764
212 -758
294 -728
346 -707
396 -680
446 -648
454 -628
87 -599
-276 -734
-272 -739
38
-93 572
-179 550
-212 536
-315 492
-356 455
-473 334
-530 270
-534 265
-565 192
-578 155
-608 -1
-577 -231
-518 -332
-498 -361
-404 -468
-299 -537
-223 -566
-63 -577
39 -582
179 -559
225 -536
327 -478
353 -463
405 -417
472 -348
524 -273
582 -143
617 -23
588 212
562 280
442 420
411 449
333 521
265 551
237 561
95 591
34 593
-32 586
6
-26 -10
-27 -14
-5 -38
17 -30
24 25
13 28
23
106 709
-133 761
-260 755
-618 615
-697 532
-832 351
-906 248
-903 -221
-806 -373
-628 -533
-163 -760
-11 -767
85 -763
398 -684
644 -557
842 -406
917 -164
944 51
839 309
821 352
762 439
564 555
368 631
3
-305 -38
-135 -28
280 58
19
819 238
808 266
678 387
414 577
-50 591
-403 494
-460 458
-825 38
-831 -41
-799 -258
-613 -450
-508 -487
-365 -535
-144 -593
-51 -601
349 -526
500 -449
725 -229
815 -48
23
-226 210
-365 256
-394 248
-399 242
-405 215
-387 192
-175 32
-116 -10
-10 -82
22 -101
77 -133
115 -153
199 -192
346 -260
391 -274
445 -255
379 -178
251 -78
161 -16
22 76
-34 109
-79 135
-110 152
18
-67 -111
4 -118
56 -97
64 -93
109 -53
124 -38
136 -20
135 2
114 63
86 108
66 112
23 115
-83 84
-120 49
-131 36
-138 18
-145 -21
-90 -90
8
273 427
23 545
-670 363
-580 -92
-244 -506
406 -688
486 -607
610 -397
31
52 -108
77 -90
82 -84
95 -66
106 -48
118 15
113 40
90 77
87 81
84 84
57 103
46 108
19 119
-10 119
-19 118
-22 117
-50 104
-57 100
-63 96
-90 70
-99 54
-116 13
-116 4
-115 -23
-100 -65
-91 -76
-75 -95
-42 -112
-20 -116
5 -120
33 -113
5
-263 -279
-244 -294
-135 -217
251 318
183 346
6
19 15
-13 24
-21 20
-24 -3
4 -29
22 -11
9
-453 644
-581 -188
-371 -359
3 -459
405 -502
656 -511
701 -157
556 44
40 401
10
-282 -640
70 -709
622 -463
754 -229
604 519
176 674
-655 431
-728 190
-593 -463
-547 -572
40
308 217
337 276
358 319
372 355
397 434
404 485
404 517
402 524
388 553
385 556
341 551
326 547
292 528
217 477
164 429
89 349
34 288
1 248
-53 181
-70 159
-187 -13
-203 -37
-279 -164
-322 -242
-335 -274
-396 -425
-405 -475
-396 -534
-385 -555
-367 -555
-331 -551
-295 -532
-281 -524
-208 -467
-129 -389
-83 -343
-30 -285
63 -169
197 23
254 116
6
-27 -24
-22 -37
-11 -34
30 -14
16 33
2 43
18
-150 -106
-105 -150
-69 -162
2 -178
17 -177
64 -152
160 -16
169 33
163 50
133 111
99 150
27 180
7 175
-48 148
-103 115
-130 86
-155 19
-154 -41
9
15 -59
484 274
534 341
454 331
-184 -53
-299 -136
-494 -302
-459 -324
-310 -242
11
-134 -36
-107 -91
-12 -142
15 -136
49 -124
140 -47
150 -34
147 60
124 83
-1 133
-148 10
19
594 -121
590 30
558 113
423 411
395 441
133 534
8 557
-62 560
-204 552
-290 536
-356 499
-492 321
-556 152
-600 -12
-326 -501
-168 -557
3 -606
337 -444
512 -280
22
-869 -193
-835 -359
-760 -489
-607 -672
-469 -771
-64 -876
291 -811
542 -675
802 -279
856 -161
884 -79
887 -20
855 275
707 509
570 697
422 783
-62 875
-233 803
-291 772
-614 581
-696 447
-868 39
39
443 -154
455 -151
512 -134
512 -113
497 -96
472 -76
438 -54
340 -8
283 14
244 27
171 50
116 67
13 93
-18 100
-118 122
-175 131
-226 139
-326 151
-411 155
-426 155
-448 154
-473 149
-490 145
-507 137
-501 98
-477 79
-453 62
-450 60
-372 24
-288 -8
-195 -42
-132 -62
-79 -76
-3 -96
48 -107
198 -136
337 -153
410 -156
429 -155
16
217 -31
105 28
-122 130
-253 187
-440 262
-546 297
-556 292
-486 204
-253 50
-40 -61
175 -160
370 -233
576 -279
560 -243
546 -233
423 -154
7
406 409
594 724
366 470
-254 -222
-452 -474
-551 -640
-393 -482
7
35 9
-1 40
-12 15
-18 -14
-5 -30
10 -36
34 -17
10
-334 396
-452 270
-547 -151
-424 -412
-254 -650
172 -468
719 -4
720 85
137 715
55 680
21
601 -421
632 -374
642 -356
650 -341
655 -329
696 -230
712 -181
366 -398
169 -679
157 -704
155 -714
191 -709
225 -698
259 -686
297 -671
441 -586
474 -558
489 -545
517 -520
535 -503
579 -449
7
-338 223
-391 230
-406 217
123 -134
359 -259
269 -182
-200 174
5
-346 562
-487 234
-233 -694
290 -572
797 -36
23
-122 46
-126 16
-123 -20
-117 -39
-106 -71
-73 -111
-72 -112
-59 -122
-9 -146
34 -143
107 -90
119 -59
129 -9
122 37
93 94
87 100
14 143
5 144
-37 140
-55 130
-68 121
-83 104
-114 65
29
560 531
414 639
310 661
65 641
-86 600
-174 573
-272 513
-319 477
-544 277
-624 159
-687 -2
-705 -89
-708 -293
-706 -335
-663 -411
-535 -571
-455 -626
-259 -669
-146 -666
101 -587
183 -560
297 -496
427 -398
572 -231
687 -24
725 160
717 256
681 391
617 466
36
32 193
1 291
-3 303
-37 398
-96 547
-106 572
-117 597
-140 647
-195 751
-211 763
-236 767
-247 703
-244 661
-238 624
-214 485
-168 279
-97 19
5 -301
18 -341
56 -443
107 -576
126 -615
167 -698
168 -700
179 -718
186 -728
209 -760
225 -778
240 -781
248 -693
227 -553
212 -465
186 -354
144 -182
111 -63
84 26
8
-456 -347
-155 -739
186 -731
434 -11
364 311
-218 737
-748 442
-596 -145
5
501 72
-290 -35
-489 -66
-326 -88
352 26
7
428 818
207 485
148 383
-262 -429
-421 -800
-441 -871
244 379
21
835 413
633 674
397 841
-53 850
-391 850
-495 772
-669 623
-689 548
-673 241
-642 -75
-558 -515
-539 -566
-514 -601
-502 -615
-164 -903
-47 -930
349 -863
548 -737
777 -529
890 -299
884 -61
24
788 538
772 560
722 622
702 646
634 713
628 718
606 736
555 776
546 775
626 210
904 -304
910 -288
931 -213
938 -177
951 -90
953 -8
952 72
942 154
923 244
916 269
898 321
863 403
839 454
824 480
40
-99 551
-205 566
-349 555
-415 531
-437 520
-572 451
-618 378
-636 341
-662 253
-681 122
-650 21
-622 -47
-583 -113
-538 -183
-496 -237
-408 -319
-356 -362
-153 -481
39 -540
213 -565
335 -544
456 -522
523 -488
567 -455
607 -416
628 -386
650 -342
669 -296
675 -241
676 -166
669 -99
648 2
623 57
533 187
504 228
447 290
344 370
312 389
168 471
23 527
40
603 -443
685 -309
726 -166
742 -75
746 -16
743 18
734 64
704 167
672 273
575 420
472 537
303 643
173 696
52 705
-102 714
-242 679
-352 634
-453 580
-465 570
-520 523
-592 435
-656 347
-666 320
-715 169
-742 72
-724 -115
-696 -215
-687 -243
-630 -337
-525 -504
-326 -643
-231 -684
-196 -697
-143 -707
-81 -707
95 -703
142 -699
309 -667
427 -608
537 -520
0
