10.624999970332
2.828427113855
5.656854239078
25.999999991200
1990.519696107640
1353.560120560360
2273.725561235551
1882.874398359036
1766.900393340620
1270.543584450934
1438.538494437580
1231.430468999406
387.949226683304
709.417366567777
1800.069320131570
1571.293098049864
76.220707694574
1792.889288913102
2403.292264978063
1171.502988495376
995.844365343146
1410.686357769464
1902.681035505793
1171.997440269479
1891.494911433256
1981.206825530535
557.574504682634
1508.965049617927
1705.034687017815
1909.910615722765
1574.893827057622
1248.877208297472
1878.793893638431
1692.317937022381
1509.051357641056
787.784869100960
1601.220159750483
1796.012536510716
368.773310651704
1212.531649071025
2760.843691362425
1267.858430571778
1780.876469604209
1427.057078308280
1453.390874542038
1571.850157733934
1714.996705834437
1899.442549802188
1878.571959605324
2410.424414301815
