3
8 0
7 7
0 6
4
0 0
5 0
5 5
0 5
3
0 0
2 2
0 2
3
3 1
5 1
5 3
5
0 0
3 0
3 1
1 3
0 3
5
0 0
3 0
3 1
1 3
0 3
9
0 0
9 4
13 13
9 22
6 24
-6 24
-9 22
-13 13
-9 4
4
1 0
0 5
-1 0
0 -5
9
560 409
123 670
-552 445
-793 164
-688 -169
-626 -253
44 -503
544 -430
580 341
5
-99 -780
626 -245
114 645
-515 545
-686 -99
28
-182 47
-187 8
-159 -89
-140 -113
-135 -118
-76 -152
-50 -165
-11 -170
6 -171
26 -171
42 -167
88 -150
118 -134
164 -88
184 -46
188 29
183 49
151 92
102 146
77 157
29 166
2 169
-24 170
-66 159
-123 130
-144 112
-167 80
-177 60
39
50 -14
86 52
130 138
168 215
204 289
222 330
256 414
266 445
272 480
262 489
252 482
222 448
193 412
185 401
157 361
144 341
99 270
60 205
21 138
-22 64
-41 30
-63 -10
-100 -80
-133 -143
-181 -240
-220 -326
-246 -388
-257 -419
-263 -437
-266 -457
-267 -491
-256 -486
-209 -432
-173 -384
-160 -365
-123 -308
-86 -250
-36 -166
6 -94
25
-754 -350
-616 -515
-474 -663
-386 -727
-126 -811
-118 -813
-25 -801
272 -724
324 -693
506 -565
581 -501
720 -270
776 -168
814 64
778 313
667 526
486 694
316 766
42 797
-206 718
-367 654
-549 501
-628 393
-791 -53
-803 -123
7
-306 -54
-566 -163
-536 -182
221 6
684 193
362 158
195 117
40
-435 -878
-317 -937
-309 -940
-263 -946
-110 -965
-44 -972
171 -975
215 -965
252 -956
403 -903
495 -838
668 -709
759 -635
893 -426
956 -217
978 -116
989 29
936 303
886 413
835 525
704 694
642 753
488 856
272 951
217 961
69 986
17 988
-54 979
-183 835
-330 665
-768 144
-881 8
-956 -85
-966 -153
-920 -365
-866 -472
-823 -542
-788 -586
-709 -676
-621 -759
40
582 -801
625 -768
631 -763
644 -752
668 -731
712 -688
748 -648
765 -628
783 -606
786 -602
802 -580
828 -543
842 -521
845 -516
849 -509
866 -479
876 -461
896 -421
911 -388
922 -360
938 -316
944 -297
959 -244
964 -225
973 -183
979 -146
983 -118
986 -89
987 -72
988 5
988 8
987 65
986 88
983 114
979 143
977 146
625 -288
525 -839
528 -838
557 -819
7
-40 -18
-41 -23
-28 -34
-1 -7
22 33
21 33
-12 6
4
-754 -71
117 -65
-246 515
-690 128
5
31 18
4 32
-29 -2
-18 -18
33 -18
30
-83 15
-125 -90
-150 -160
-217 -350
-238 -428
-248 -470
-260 -548
-255 -585
-223 -580
-185 -543
-153 -497
-142 -479
-139 -474
-98 -395
13 -175
34 -131
63 -67
80 -28
134 107
196 283
207 320
235 434
241 461
260 561
244 564
222 568
209 566
140 469
72 350
-47 101
37
184 647
194 811
196 857
180 961
152 938
115 866
83 769
54 663
11 493
-9 408
-30 311
-63 149
-84 38
-90 5
-121 -189
-140 -321
-171 -539
-182 -646
-184 -668
-191 -757
-196 -842
-190 -891
-176 -943
-173 -954
-146 -920
-134 -896
-122 -867
-71 -728
-22 -536
-3 -458
50 -207
60 -158
94 12
110 108
145 328
162 464
172 545
8
23 -25
27 16
16 31
12 32
-13 34
-20 3
-8 -33
17 -29
5
92 -484
450 -359
486 -80
65 720
-547 216
3
102 308
-102 -237
33 -146
10
-587 173
-643 -281
-611 -379
-193 -554
274 -495
410 -343
490 424
327 580
227 607
-328 468
40
737 218
827 291
868 330
905 400
903 402
864 437
855 439
808 446
796 447
697 433
558 406
453 372
369 343
323 327
221 291
176 273
34 213
-101 152
-305 48
-495 -57
-619 -132
-733 -214
-757 -232
-883 -350
-888 -387
-887 -430
-842 -450
-771 -447
-727 -441
-650 -426
-606 -417
-303 -321
-231 -293
-61 -225
92 -156
125 -141
373 -14
543 84
638 145
676 170
15
306 -519
376 -573
367 -537
336 -420
199 -183
127 -69
95 -20
-228 424
-323 547
-366 559
-311 395
-287 334
-188 175
-85 19
274 -494
8
-375 -335
-219 -663
19 -506
393 -131
144 494
-20 670
-184 638
-415 496
7
-468 -706
-288 -503
457 630
389 579
306 509
78 191
-395 -512
36
-128 -100
-104 -121
-65 -139
-51 -145
19 -150
44 -145
65 -138
106 -118
124 -103
148 -78
163 -48
168 -33
172 -9
172 16
169 34
153 67
116 109
96 123
84 131
70 138
53 143
18 149
-30 147
-60 141
-79 133
-108 118
-121 106
-142 85
-153 66
-163 46
-164 43
-172 -2
-172 -3
-165 -45
-158 -63
-139 -87
6
-582 -235
-100 -485
329 -346
798 222
-239 430
-681 -77
23
12 160
-11 170
-64 163
-94 141
-104 99
-111 60
-111 32
-109 3
-102 -24
-73 -96
-38 -142
-30 -152
16 -177
59 -171
76 -159
80 -156
107 -102
110 -90
110 -55
108 -1
62 109
53 122
23 154
17
-78 -177
-6 -190
40 -188
88 -161
117 -143
142 -113
163 -54
167 6
156 65
147 107
93 168
25 171
-75 159
-91 145
-133 88
-163 32
-155 -89
25
-431 -748
-358 -788
-181 -867
163 -850
365 -745
400 -723
566 -602
726 -402
853 -128
850 149
700 549
639 614
421 751
122 863
-230 836
-384 769
-422 749
-585 625
-627 586
-817 254
-853 -38
-847 -101
-804 -367
-761 -459
-550 -659
8
26 11
2 25
-26 20
-33 12
-24 -22
-14 -28
20 -20
31 -15
23
-145 -43
-109 -72
-97 -77
-77 -85
-48 -95
10 -109
121 -115
147 -97
176 -60
189 -42
178 -16
135 52
27 101
-20 116
-53 123
-98 122
-102 121
-120 114
-166 92
-179 71
-186 47
-182 25
-173 1
14
-586 -156
-554 -335
-274 -649
3 -752
134 -726
566 -298
635 -157
588 267
396 538
207 658
20 762
-65 737
-430 616
-576 258
25
-485 -648
-456 -650
-364 -567
-241 -450
-106 -289
15 -130
146 49
216 151
241 190
384 415
433 499
484 615
481 645
447 630
424 612
327 534
234 440
207 410
43 205
-138 -37
-281 -247
-366 -383
-394 -430
-435 -507
-475 -589
33
62 116
33 133
14 139
-1 139
-11 138
-34 132
-63 121
-77 112
-99 85
-116 56
-123 15
-126 -8
-124 -26
-110 -68
-102 -81
-100 -84
-88 -97
-54 -127
4 -141
40 -135
47 -132
58 -125
72 -114
92 -95
112 -61
119 -41
122 -20
124 5
124 8
119 37
117 47
115 52
83 102
9
-27 -7
-27 -21
-21 -26
-3 -30
24 -21
36 13
-4 32
-19 28
-24 17
7
700 305
723 329
456 264
-105 1
-762 -325
-744 -367
-89 -128
34
815 35
791 127
715 286
637 397
577 461
481 558
308 668
218 723
110 776
-55 810
-255 805
-455 729
-635 625
-719 515
-819 232
-838 171
-821 -3
-811 -66
-771 -180
-751 -227
-692 -335
-502 -552
-354 -666
-285 -708
-11 -800
210 -813
465 -743
609 -655
652 -607
662 -594
694 -542
785 -380
799 -354
839 -156
32
-547 464
-518 429
-377 280
-310 214
-98 11
-9 -70
83 -152
223 -274
258 -303
413 -428
470 -472
525 -509
583 -541
587 -540
588 -516
535 -449
505 -415
453 -359
397 -300
293 -193
242 -144
193 -97
39 46
-63 138
-278 321
-357 385
-460 468
-542 520
-584 545
-588 545
-596 540
-580 515
10
-387 -162
-527 -282
-79 -127
74 -48
278 67
374 125
433 169
259 221
228 208
17 115
4
-566 319
-448 -401
-50 -440
159 -432
20
233 -347
398 -499
483 -573
519 -587
556 -599
444 -425
352 -293
181 -86
35 78
-294 414
-355 473
-410 522
-482 569
-557 583
-455 434
-425 393
-372 322
-281 205
-203 117
59 -166
4
-49 -245
16 -48
34 128
-97 -189
3
-465 -65
586 527
5 706
40
946 -219
976 -121
968 188
915 334
884 411
809 543
764 618
606 770
449 870
308 927
243 950
143 961
44 970
-57 973
-77 972
-220 953
-335 925
-514 835
-568 804
-640 749
-735 637
-792 566
-893 412
-916 362
-932 307
-950 208
-972 79
-969 -170
-935 -299
-912 -343
-837 -450
-593 -520
-8 -683
424 -800
485 -806
574 -796
745 -636
767 -613
829 -533
873 -438
40
975 -40
975 24
974 54
564 -367
362 -888
360 -897
360 -903
363 -906
383 -899
388 -897
422 -881
445 -870
474 -854
483 -849
530 -821
541 -814
557 -803
585 -783
638 -739
658 -722
700 -682
713 -668
727 -652
750 -625
771 -600
784 -583
818 -535
829 -517
850 -482
862 -460
883 -416
903 -374
915 -343
924 -317
937 -277
948 -237
950 -228
961 -178
969 -125
974 -76
16
-313 275
-368 -203
-161 -456
-60 -520
96 -551
287 -483
497 -227
547 187
476 318
441 378
137 519
80 544
9 557
-118 567
-197 524
-259 432
36
381 475
370 483
334 509
334 506
366 99
543 -271
544 -273
546 -269
565 -230
568 -222
572 -211
587 -163
589 -156
596 -127
601 -102
605 -77
608 -46
607 57
605 74
601 102
599 114
593 142
580 188
577 197
553 254
550 261
543 277
518 320
512 330
507 338
479 376
468 390
451 409
441 420
434 427
409 451
32
-834 423
-859 372
-888 299
-903 206
-832 -75
-816 -115
-760 -227
-652 -341
-488 -472
-356 -560
-131 -650
154 -699
178 -701
319 -695
517 -659
654 -590
711 -545
857 -381
902 -241
868 10
783 152
678 317
637 360
570 425
424 517
297 586
63 647
-138 699
-345 690
-555 644
-677 572
-780 499
12
-84 -140
7 -141
97 -76
124 4
141 72
120 115
-44 91
-88 82
-120 40
-134 -37
-133 -77
-105 -129
39
26 118
10 127
-3 133
-20 138
-52 140
-80 134
-84 133
-106 119
-113 109
-119 99
-126 75
-126 74
-124 23
-115 -9
-103 -33
-94 -49
-89 -57
-69 -81
-50 -101
-25 -119
-19 -123
20 -139
26 -140
45 -143
58 -143
73 -141
79 -139
97 -127
117 -106
123 -86
124 -81
127 -63
127 -36
109 17
98 40
86 60
81 68
71 79
30 115
9
-20 370
-33 308
-51 140
-80 -253
-50 -529
-30 -539
9 -469
40 -309
90 418
3
-327 -235
685 -268
377 287
24
-135 749
-285 588
-380 422
-467 200
-520 -35
-490 -172
-413 -426
-318 -605
-249 -723
-211 -745
-72 -789
-57 -788
150 -705
261 -655
337 -560
355 -532
451 -341
523 3
521 145
496 272
427 468
336 584
249 656
56 737
3
-34 -24
-55 -167
14 108
5
-382 520
-541 584
1 -109
258 -320
71 24
22
-49 180
-95 163
-144 126
-162 93
-191 18
-190 9
-178 -24
-174 -33
-114 -154
-77 -175
-40 -185
-11 -189
30 -187
90 -167
105 -161
156 -110
186 -38
188 -27
178 57
116 149
58 182
32 188
25
-131 59
-127 -28
-107 -71
-85 -99
-67 -118
-40 -138
-14 -151
38 -158
77 -139
117 -114
134 -67
136 -41
133 4
105 64
94 80
72 111
66 118
23 142
-9 154
-32 153
-73 148
-81 143
-101 127
-104 124
-119 106
35
109 -153
148 -122
169 -87
184 -57
185 -45
187 -1
185 32
181 64
176 76
153 111
139 129
89 166
74 173
38 181
-2 184
-59 176
-79 169
-104 154
-124 141
-149 112
-152 108
-174 73
-180 59
-188 38
-192 5
-183 -45
-172 -76
-151 -108
-111 -149
-80 -165
-42 -178
12 -186
40 -184
64 -176
75 -171
3
-304 564
481 -535
-354 664
9
-352 -59
-446 -156
-191 -142
-134 -126
311 69
499 160
271 157
131 122
36 92
7
21 25
-1 35
-14 25
-44 -3
-36 -15
-7 -17
30 12
3
0 6
-24 34
-35 28
10
-292 412
-353 238
-351 -572
-140 -599
-71 -583
358 -362
499 -200
342 552
147 686
-24 688
9
-27 -28
-20 -32
-7 -37
12 -30
36 5
32 21
24 32
-13 32
-36 -16
4
389 79
392 111
-664 -141
219 -18
22
-197 536
-219 548
-214 450
-209 428
-171 268
-157 227
-107 90
16 -207
31 -242
90 -360
131 -439
170 -502
229 -533
220 -458
202 -385
168 -262
108 -90
64 25
31 103
-25 228
-73 320
-161 485
33
-16 187
-38 181
-74 171
-137 118
-148 107
-168 78
-184 38
-188 2
-188 -35
-187 -44
-175 -86
-162 -112
-148 -132
-139 -141
-114 -162
-56 -187
-3 -187
42 -179
61 -168
139 -120
151 -109
168 -81
176 -55
189 -9
187 42
185 51
176 87
165 101
123 151
108 163
77 180
56 186
17 188
20
751 -241
767 -180
772 -153
290 -384
-49 -784
-43 -786
-2 -787
2 -787
83 -784
153 -773
185 -766
293 -730
349 -706
431 -661
523 -590
547 -567
599 -510
673 -405
686 -385
720 -316
23
-63 -748
232 -731
596 -493
672 -384
698 -315
733 -169
719 269
668 372
488 586
439 636
369 672
306 704
51 755
-33 740
-180 681
-211 665
-526 -31
-659 -388
-620 -444
-551 -542
-526 -559
-251 -717
-87 -747
40
551 -218
581 -92
582 20
549 141
438 416
398 470
272 551
178 596
103 612
-63 616
-105 610
-127 604
-253 566
-316 528
-333 517
-391 465
-445 410
-475 364
-567 122
-586 71
-587 48
-589 -51
-558 -181
-537 -268
-517 -309
-461 -388
-414 -445
-364 -501
-353 -508
-200 -584
-149 -598
-63 -614
23 -625
138 -606
307 -519
451 -393
465 -376
475 -360
497 -322
530 -259
40
66 -776
175 -823
333 -825
452 -802
480 -794
540 -765
568 -745
623 -646
641 -589
652 -511
654 -398
656 -282
627 -155
536 103
530 115
424 305
348 406
237 531
168 607
29 717
-153 805
-191 819
-407 832
-441 831
-548 742
-589 688
-643 558
-661 428
-663 355
-663 330
-656 266
-629 155
-580 2
-551 -59
-443 -249
-335 -415
-305 -458
-150 -620
-92 -673
-60 -697
40
594 533
425 647
331 690
113 762
-4 772
-231 765
-405 700
-537 606
-694 468
-737 407
-811 259
-829 188
-850 54
-847 32
-811 -210
-809 -216
-764 -316
-691 -415
-511 -616
-456 -647
-364 -686
-276 -720
-232 -732
-39 -769
9 -773
113 -770
257 -762
311 -746
464 -662
629 -520
667 -485
746 -381
792 -304
799 -274
835 -96
838 59
821 194
796 268
735 373
663 483
40
52 -108
74 -95
95 -73
114 -33
117 -18
115 24
111 42
102 60
88 79
81 88
80 89
72 95
54 108
40 114
21 117
12 118
-7 119
-32 117
-46 111
-64 102
-81 89
-91 77
-97 69
-107 52
-110 44
-116 18
-118 -1
-118 -10
-117 -18
-108 -49
-105 -56
-96 -71
-87 -82
-69 -95
-44 -112
-31 -116
-12 -119
3 -120
23 -118
42 -113
5
16 -17
16 32
-9 32
-17 -9
11 -16
7
8 -40
37 14
35 32
31 34
-7 34
-40 2
-32 -27
38
-420 -45
-549 -92
-673 -139
-751 -174
-874 -230
-909 -255
-910 -258
-902 -277
-894 -279
-841 -287
-787 -281
-684 -262
-581 -242
-358 -189
-63 -108
26 -82
134 -50
162 -41
278 -3
388 35
503 75
589 106
682 142
746 169
787 187
807 196
848 215
918 263
909 283
849 285
817 283
738 272
717 269
612 249
230 155
209 149
-135 49
-366 -26
14
773 70
323 558
-225 681
-350 699
-457 709
-477 710
-656 552
-805 136
-716 -208
-517 -393
-312 -558
-102 -595
712 -442
763 -364
33
-406 -757
-254 -834
-118 -884
-67 -897
34 -912
120 -887
418 -800
476 -763
546 -705
603 -652
766 -474
809 -389
856 -76
870 78
839 303
704 538
562 675
383 805
329 837
197 884
-70 900
-197 891
-419 803
-505 738
-647 626
-721 534
-779 453
-846 274
-865 -33
-857 -211
-803 -383
-758 -472
-602 -653
24
-399 703
-481 631
-796 225
-863 -98
-893 -324
-676 -652
-499 -810
-227 -878
-104 -872
18 -858
260 -781
347 -729
502 -626
676 -471
824 -244
869 -111
904 178
874 385
851 421
569 754
460 822
234 870
187 868
-135 821
40
-370 600
-530 464
-649 329
-695 258
-763 140
-854 -122
-866 -323
-841 -463
-828 -490
-804 -534
-777 -583
-724 -663
-652 -721
-600 -761
-562 -772
-350 -816
-298 -826
-261 -833
-99 -817
83 -763
383 -591
469 -515
673 -278
778 -112
822 18
840 141
859 305
860 351
829 483
782 588
741 650
701 683
572 777
454 818
335 836
308 837
87 814
32 798
-115 748
-229 683
10
574 -507
776 -171
777 276
674 530
612 620
-86 879
-230 807
-715 195
-746 42
-686 -500
25
-212 563
-243 587
-250 526
-217 407
-143 199
-124 149
-102 92
-35 -75
57 -284
166 -490
175 -507
203 -556
224 -591
229 -597
255 -615
255 -548
226 -440
220 -418
173 -280
120 -132
92 -63
25 102
-43 255
-61 295
-170 506
8
-237 -408
-138 -272
-61 -163
-1 -50
102 306
-55 53
-98 -29
-162 -182
12
-668 -251
-162 -633
221 -580
486 -533
562 -91
483 428
439 564
73 527
-321 311
-475 206
-567 82
-685 -122
13
366 -657
500 -557
569 -491
582 -474
629 -400
686 -297
700 -232
680 -249
281 -596
265 -610
159 -704
160 -714
238 -713
6
63 -176
94 78
123 350
111 429
13 476
-82 22
32
-843 8
-728 -26
-684 -33
-493 -60
-299 -79
-161 -89
-77 -93
82 -99
289 -102
575 -93
666 -87
801 -68
826 -62
846 -10
845 -9
774 14
692 34
528 55
368 73
292 78
166 86
-93 100
-313 102
-344 102
-448 100
-471 99
-551 94
-691 85
-748 78
-820 61
-865 36
-865 19
31
485 -710
626 -514
725 -101
732 -53
735 49
723 235
717 257
703 305
566 572
401 783
304 876
182 938
-114 926
-209 888
-301 830
-449 719
-594 527
-677 360
-711 273
-726 152
-743 -146
-725 -249
-708 -334
-701 -349
-658 -430
-474 -761
-184 -907
-62 -927
-61 -927
140 -920
293 -873
6
-641 37
-565 -20
628 -235
785 -122
902 -10
-643 426
28
236 941
-36 870
-341 669
-421 560
-502 397
-538 319
-652 -1
-669 -177
-585 -652
-567 -695
-381 -876
-253 -913
-132 -924
-16 -911
10 -906
229 -765
296 -701
392 -599
419 -560
521 -337
630 -52
663 59
669 164
650 336
626 427
539 722
486 796
412 857
3
-2 -11
16 -8
2 -8
35
533 -482
546 -468
576 -430
596 -402
613 -377
629 -350
651 -307
665 -275
668 -268
682 -228
683 -225
689 -206
704 -147
705 -143
715 -81
718 -30
711 -31
361 -310
139 -699
138 -704
139 -705
140 -705
159 -701
220 -684
246 -676
261 -671
300 -654
315 -647
329 -640
379 -612
428 -578
435 -573
472 -543
483 -533
506 -511
13
445 -395
649 36
635 111
564 362
483 502
133 682
-572 88
-659 -147
-589 -288
-417 -479
-284 -607
103 -708
419 -436
4
-563 -294
-415 -480
-355 9
-545 279
4
-8 -41
37 4
-10 13
-24 -27
0
