10.624999970332
2.828427113855
5.656854239078
25.999999991200
2221.020607976243
1113.661079500616
1828.919479260094
1979.369886919358
911.000568612508
1256.400015915915
1947.263207682681
1223.517568951138
2025.758860315818
1393.350482658207
1624.967999680393
1508.920806395508
2001.976609767553
385.455146567892
1809.098462342718
306.682007931158
1975.285099081248
1601.839255351933
1623.543347125178
1206.260751246191
1970.659136782160
1154.829266158686
1873.984022563491
964.494167942576
1635.432982925522
1206.489535798028
605.841731851342
1461.104376824096
996.434142325597
1352.984848392680
1085.651877895089
1170.155972499742
1550.412875167240
2265.888521742454
1784.667215076752
98.368355827461
2013.626911946176
3319.060470869317
2779.100654652211
1301.079551751627
1431.387478953638
1711.618240142343
2065.634249083814
1919.430692214519
1404.956293697524
770.052595601101
