1
2
6
8
9
729
47045881
12137858827249
562949953421312
866421317361600
999730024299271
999999999999989
999999999999999
706858602835
3087603280200
8170029610158
4925611555200
3537511170456
3318000073905
3727808354503
3894295556424
991810568881
469354716742
2283880960893
167256712784
976161652404
4301671027479
239440108758
107095801894
490704735466
1100118824658
169601037452
912982747794
468342743100
2693428229507
1381410128560
535521603600
218327776000
712137817960
1121503385034
1284401236668
697289418428
1114784071875
3585765584544
1336068605490
1115901270510
8568870303278
6008974382400
2036743268692
1026368817600
5238435181824
1045713843840
1631246619300
5049663448365
4396934841684
2589645464770
3356653248564
1047864979536
101867445913
4339049147455
3353026718720
6345035106270
3490810126050
4461781003210
5028589054520
1229181689680
440184635840
6583303431866
3018808980832
2124875799076
249756725144
4209067387036
7031087459539
424549059802
1522250616880
2838152339208
1174488718590
4250184251544
916965431680
3312414765700
654040042110
2500523473700
714862054310
364152291502
2406226476880
1093782527255
1518380285764
2438666431255
1544296147379
1598808328992
2494889347027
664721477244
379524152462
1157348227350
111545652599
1865911143920
2133931209750
200380067995
738069614722
704847007440
680601154363200
723434006635200
731744430379200
736415772674400
745420311921600
751922848076400
760962965096880
768381447002400
774023649472080
779122262928240
782209563508800
786933012431280
788602011397200
793063139803200
799625480373720
801258545858400
803901552461280
806648653137600
811780900665840
815360507715600
819059011243200
821486671840800
827913703256640
831347968651200
834810146074800
839010448696560
840747629332800
842343297516000
845298888033600
847757149444800
848623583052000
852848347150800
855134191018800
856201627713600
859457075601600
861763138236000
863969569596000
864547412299200
867941843479200
869450762527200
872306101648800
874950134839200
876253188081600
877874012935920
879513366834960
880781950409760
883032487596000
884362364842320
887609717467200
888351866060400
889872262574400
892883895366960
894450705548400
897413552935200
899540998035120
900964912367520
904332799100640
906255065772000
907605931377600
909226656255060
911153741803200
914088830887440
915370862908320
917851542753600
920700813564000
921711878287200
922684898293200
924077908353600
925495498090800
928320406503840
930145962160800
931686103429200
932873662929600
934823000311200
936383680421280
938573248092480
939877784596800
941488071844320
942513851815200
944199061767360
945348421550400
947168241206880
948446594178720
950827927492800
952531920194400
953153525167200
954655737184800
955333484665560
956958508548000
957811815374400
959428078892640
961773394125600
962420704257600
964627563625440
965928221949600
967135197019680
969243006513600
970458842127600
972093721238640
973600843287072
999998765500013
999998765500099
999998765500223
999998765500457
999998765500529
999998765500723
999998765500849
999998765501017
999998765501207
999998765501453
999998765501639
999998765501783
999998765501963
999998765502173
999998765502349
999998765502493
999998765502829
999998765502943
999998765503039
999998765503163
999998765503333
999998765503391
999998765503489
999998765503643
999998765503757
999998765503979
999998765504161
999998765504257
999998765504447
999998765504777
999998765504887
999998765505043
999998765505119
999998765505343
999998765505473
999998765505587
999998765505653
999998765505713
999998765505823
999998765506127
999998765506339
999998765506571
999998765506621
999998765506739
999998765506889
999998765507041
999998765507237
999998765507447
999998765507549
999998765507611
999998765507671
999998765507827
999998765507993
999998765508137
999998765508487
999998765508619
999998765508751
999998765508913
999998765509123
999998765509267
999998765509343
999998765509571
999998765509699
999998765509801
999998765509979
999998765510167
999998765510273
999998765510449
999998765510527
999998765510627
999998765510897
999998765511077
999998765511203
999998765511367
999998765511457
999998765511533
999998765511721
999998765511877
999998765512037
999998765512169
999998765512211
999998765512273
999998765512333
999998765512451
999998765512699
999998765512781
999998765512963
999998765513021
999998765513071
999998765513219
999998765513309
999998765513617
999998765513719
999998765513849
999998765513953
999998765514053
999998765514197
999998765514319
999998765514391
999998765514587
0
