3
4
6
6
7
27
1083
6967887
262144
285999
299973
999999999999991
2945017
39473
1420976
653616
51046
3314550
45039
58161
135945
197375
76370
5262287
16731
37780
4960185
44868
22950
1152678
49712
121668
33994
24629
3996673
33414
24384
18071
2488658
604684
904612
32440
63781
46104
760696
421320
9169792
54564
644897
30356
52209
30457
36175
86355
127269
149342
130050
507216
2693175
52733
44932
469436
65798
8623020
1448164
32418
23553
91876
43943
173300
1139164
132119
79109
22670
34652
456637
32986
48939
35216
72522
155124
41068
81226
10016354
77966
35785
2765612
536393
77845
58802
42513
45421
165810
72286
47545
244587
38722
82265
67148
26775
263896
269314
270340
270913
272018
272804
273892
274777
275449
276052
276430
276972
277167
277692
278455
278651
278948
279265
279857
280267
280691
280972
281698
282089
282478
282965
283149
283326
283658
283931
284031
284500
284756
284871
285231
285486
285730
285795
286169
286333
286649
286939
287080
287255
287437
287572
287824
287963
288312
288396
288563
288884
289053
289372
289604
289753
290115
290319
290462
290634
290842
291152
291290
291550
291851
291959
292064
292209
292363
292657
292846
293009
293138
293336
293503
293732
293867
294031
294145
294315
294437
294623
294759
295006
295177
295241
295396
295466
295633
295722
295887
296129
296194
296427
296554
296683
296894
297017
297184
297338
999998765500015
999998765500101
999998765500225
999998765500459
999998765500531
999998765500725
999998765500851
999998765501019
999998765501209
999998765501455
999998765501641
999998765501785
999998765501965
999998765502175
999998765502351
999998765502495
999998765502831
999998765502945
999998765503041
999998765503165
999998765503335
999998765503393
999998765503491
999998765503645
999998765503759
999998765503981
999998765504163
999998765504259
999998765504449
999998765504779
999998765504889
999998765505045
999998765505121
999998765505345
999998765505475
999998765505589
999998765505655
999998765505715
999998765505825
999998765506129
999998765506341
999998765506573
999998765506623
999998765506741
999998765506891
999998765507043
999998765507239
999998765507449
999998765507551
999998765507613
999998765507673
999998765507829
999998765507995
999998765508139
999998765508489
999998765508621
999998765508753
999998765508915
999998765509125
999998765509269
999998765509345
999998765509573
999998765509701
999998765509803
999998765509981
999998765510169
999998765510275
999998765510451
999998765510529
999998765510629
999998765510899
999998765511079
999998765511205
999998765511369
999998765511459
999998765511535
999998765511723
999998765511879
999998765512039
999998765512171
999998765512213
999998765512275
999998765512335
999998765512453
999998765512701
999998765512783
999998765512965
999998765513023
999998765513073
999998765513221
999998765513311
999998765513619
999998765513721
999998765513851
999998765513955
999998765514055
999998765514199
999998765514321
999998765514393
999998765514589
