1
2
6
8
9
729
47045881
12137858827249
562949953421312
866421317361600
999730024299271
999999999999989
999999999999999
3130062426738
5881007522313
2866638334308
2845330278800
4563343258485
4837628199790
8119009096065
3725641409205
4749185408672
2241038482606
6166899076758
3751915125000
1060158468938
303777167400
180167191776
2584718124642
971693063688
796751832900
4959079631614
400422010857
214077529512
3639974271180
565108548312
3704730939756
2220601607163
4100740494662
184649241216
259156260588
1305052420864
5053180677496
4557579726000
936920359448
755986545188
691161296650
1963152877950
5204064894860
2120616132440
400379753569
4084973039208
1542750004368
5524715328421
739773815725
1731685636780
5666586402080
263391569616
6473492979912
3831402567825
2249605377351
7155262414872
2172687422656
239744446336
520273088640
6098881570068
2891307632520
170068662344
818939347962
2146284761660
8194817710960
6025208482810
1897895054082
1500256558350
333640029345
191936774502
1617872147409
7932556929719
1454049488040
4825757676056
114817655764
2013202291842
4188106989022
1332771896508
826771836914
1160660280048
2632535439248
5747722258761
6043123430848
131042461941
2868677638992
4781827649892
502148994816
2032677735220
1847790247400
2384284986790
3684606145048
432843616304
1841926050310
2829212204358
696200159556720
724221593726400
732642775048800
743280056719200
745568652427200
755379964619280
762196462977600
769010752036800
774594717296400
780122419876800
782850120645600
787203067341600
791802699665040
795136804862400
799986706896720
801643088433600
804008232014400
807347136632400
812068464916800
815395956631200
820128697819200
821989454932800
828129443198400
832854832785360
836839784138400
839535486524280
840920398239600
842539191306120
846570479302800
848347607903040
849350677921200
854506211227200
855673387682400
856736335990080
859707101131200
862011806039280
864081189064800
865850552330400
868428767374560
870523546485600
873154260178200
875160773323200
876372528880800
878034190496400
879769321628400
881378718620400
883282993266240
885795889406400
887805636177600
888364004502240
890151971158800
893275311408480
895219249932000
897967560772800
899723497730400
902259402184140
904410698385600
906687301892400
908087164639200
909503100966600
911742004620720
914108962813200
916526823332400
918956711131200
920780856187920
921748552754400
923189194141200
924365923185600
926577627267600
929016820912320
930789343755180
932032667966400
933604962897600
935291523448800
936463567964400
939114829835280
940735859263200
942194364471360
942870257128800
944460834559200
945402783161760
947352679219800
948496667912640
951242763441600
952648409361600
953399611214820
954926720748000
955623947871600
957275219390490
957895554823200
959842321835040
961988796901440
963607872754800
965448853104960
966161152756800
968222813367600
969456943828800
971442083102400
972956805685200
974334714615360
999998765500027
999998765500177
999998765500271
999998765500477
999998765500591
999998765500769
999998765500853
999998765501051
999998765501257
999998765501473
999998765501657
999998765501819
999998765501999
999998765502281
999998765502427
999998765502589
999998765502839
999998765502959
999998765503063
999998765503289
999998765503349
999998765503393
999998765503501
999998765503721
999998765503817
999998765503993
999998765504191
999998765504281
999998765504567
999998765504779
999998765504911
999998765505049
999998765505239
999998765505347
999998765505521
999998765505589
999998765505671
999998765505731
999998765505853
999998765506151
999998765506397
999998765506583
999998765506669
999998765506747
999998765507029
999998765507081
999998765507279
999998765507461
999998765507551
999998765507617
999998765507717
999998765507849
999998765508073
999998765508181
999998765508499
999998765508649
999998765508833
999998765509013
999998765509129
999998765509277
999998765509459
999998765509609
999998765509727
999998765509831
999998765510057
999998765510207
999998765510287
999998765510453
999998765510561
999998765510711
999998765510951
999998765511079
999998765511217
999998765511391
999998765511467
999998765511589
999998765511769
999998765511883
999998765512069
999998765512181
999998765512231
999998765512277
999998765512367
999998765512583
999998765512711
999998765512847
999998765512997
999998765513051
999998765513081
999998765513227
999998765513381
999998765513663
999998765513729
999998765513857
999998765513971
999998765514103
999998765514253
999998765514349
999998765514401
999998765514613
0
