3
4
6
6
7
27
1083
6967887
262144
285999
299973
999999999999991
2945017
31005
23062
40368
50137
109765
33930
78731
905511
245388
61010
1146756
118635
331016
38698
102272
374382
73611
7830056
23852
268572
78681
50632
45587
629046
829620
67898
43688
47697
3641138
769001
35840
30175
35797
419961
53484
94795
78209
9540951
202086
1931880
14460
117370
40251
55672
55089
37604
153034
43385
7321072
36826
111402
1914613
122718
27488
84640
40506
62720
62325
83525
444662
42014
42672
49386
40790
96438
36220
60340
21849
21172
64249
24726
4491455
276600
909592
412139
26102
159843
54689
8296644
205429
43412
565025
638494
55649
38332
375361
354300
268699
269875
270475
271821
272155
273492
274182
274896
275731
276187
276552
277119
277592
278271
278577
278691
279191
279527
279967
280343
280917
281439
281913
282331
282717
283102
283240
283432
283817
284016
284179
284717
284832
285187
285406
285595
285781
285999
286226
286567
286816
287057
287126
287288
287531
287699
287882
288234
288341
288428
288623
288973
289144
289477
289658
289964
290155
290398
290566
290809
290914
291217
291419
291672
291904
292010
292136
292255
292557
292800
292929
293089
293236
293409
293637
293798
293960
294118
294213
294358
294520
294665
294845
295091
295199
295273
295450
295570
295679
295793
296027
296182
296353
296522
296633
296837
296981
297126
297301
297459
999998765500039
999998765500185
999998765500369
999998765500519
999998765500621
999998765500795
999998765500915
999998765501139
999998765501371
999998765501541
999998765501719
999998765501823
999998765502169
999998765502285
999998765502441
999998765502741
999998765502853
999998765503015
999998765503071
999998765503309
999998765503371
999998765503405
999998765503549
999998765503725
999998765503863
999998765504031
999998765504215
999998765504341
999998765504593
999998765504815
999998765504971
999998765505069
999998765505279
999998765505433
999998765505535
999998765505639
999998765505685
999998765505741
999998765505901
999998765506243
999998765506503
999998765506609
999998765506675
999998765506761
999998765507035
999998765507215
999998765507391
999998765507479
999998765507589
999998765507643
999998765507763
999998765507901
999998765508105
999998765508193
999998765508571
999998765508673
999998765508841
999998765509063
999998765509153
999998765509311
999998765509491
999998765509659
999998765509741
999998765509891
999998765510085
999998765510221
999998765510349
999998765510503
999998765510569
999998765510731
999998765511019
999998765511141
999998765511289
999998765511409
999998765511505
999998765511661
999998765511793
999998765511915
999998765512123
999998765512185
999998765512249
999998765512285
999998765512423
999998765512659
999998765512725
999998765512891
999998765513005
999998765513055
999998765513173
999998765513235
999998765513481
999998765513671
999998765513793
999998765513875
999998765513979
999998765514123
999998765514285
999998765514363
999998765514559
999998765514735
