1
2
6
8
9
729
47045881
12137858827249
562949953421312
866421317361600
999730024299271
999999999999989
999999999999999
1595323471420
1477635646158
2048503644715
160173093495
3398852399222
106333375422
1195120934200
238329579136
6601151642672
3902325169341
963416933204
6700515368895
664596254980
3010529220381
2128837301535
633379984640
599536201836
2150226832446
4146724717884
5798850890513
1023331964662
2232407986488
526482289616
6265497452928
1284746846355
2987786136600
546754459986
1057068860120
819490506352
1839772937268
6509344913339
2755840286382
1203581279360
393516583614
2928292500298
4802491657210
581549901777
804361169520
7877225831865
4685336820572
511928469540
378120058626
5826933728168
232874913924
982121603580
7627164373530
4060879838301
2758970159592
430245451026
4612527570163
530666721900
276241221300
2805524164729
1164918531525
4193908848648
4188661392159
3489070440032
947423719704
4697455716330
1326272486695
6390310720464
6072452543360
5905914677040
2489770574496
902166930405
1085117905602
2060309138756
289210014114
134222523622
4323881226432
117266511610
4090748186516
6349550455192
1158917419294
5206583858433
6346760817109
3834452532780
699734787125
2630068269066
537230363516
7738163467635
1012974212282
427114377820
650700796500
2337685259370
3894206618360
8658436470412
720207061610400
730512091108800
733242810081600
743912889652800
751163330048040
759407939332560
767974249627200
771465041670960
777129622869600
780963243278400
784626297890400
788236020837720
792468639698400
799376778244800
801013647470400
803033943631920
806126500539360
811601758902480
814761736286400
816334490623680
821236979843280
827198772800400
830724769274400
833923966075200
837308601944640
840384359614800
841923923185800
844619901022800
847044748478880
848562749820240
851449711543200
855031953358800
855898247131200
859343038837920
861089671030680
863596702836000
864459978782400
866726919286200
868526001403200
871901528097600
873897668758800
876046563579600
877823534296800
878799695457600
880746905918880
882568526374080
883721564762400
887365094452200
888030784695600
889484190235200
890782418307600
893970789944400
897317281143360
898528352379840
900952601749200
903546870861600
905327950615200
907084318773360
908820803066400
911117488881600
912466903849200
914857618802400
917631810852120
919133663243040
921667973284800
922403854171800
923672995207200
925059891596400
927578714378400
929714280988080
931349359558800
932478616611360
934741277870400
936207353581920
937729059272460
939406571006400
941017798082160
942505268402880
943931279844000
944901509151600
946885261089600
947622327976800
949486890512160
952435607563440
952749890885520
954180446277240
955285042219200
956799815227200
957528846106560
959304142792800
961392682242720
962394338210760
964451195547840
965613048372000
966711896791200
969021281793600
970269905626560
971730237965760
973457106541920
974944435963680
999998765500079
999998765500187
999998765500403
999998765500523
999998765500681
999998765500829
999998765500979
999998765501161
999998765501419
999998765501597
999998765501737
999998765501917
999998765502169
999998765502311
999998765502491
999998765502823
999998765502889
999998765503027
999998765503081
999998765503313
999998765503379
999998765503411
999998765503589
999998765503747
999998765503963
999998765504107
999998765504243
999998765504419
999998765504747
999998765504821
999998765504971
999998765505083
999998765505301
999998765505469
999998765505547
999998765505643
999998765505703
999998765505793
999998765506031
999998765506331
999998765506523
999998765506613
999998765506729
999998765506837
999998765507039
999998765507227
999998765507393
999998765507479
999998765507603
999998765507657
999998765507813
999998765507909
999998765508107
999998765508443
999998765508577
999998765508737
999998765508889
999998765509063
999998765509181
999998765509321
999998765509517
999998765509697
999998765509741
999998765509903
999998765510099
999998765510263
999998765510387
999998765510513
999998765510611
999998765510837
999998765511023
999998765511199
999998765511323
999998765511409
999998765511523
999998765511661
999998765511803
999998765512027
999998765512141
999998765512199
999998765512249
999998765512319
999998765512423
999998765512679
999998765512741
999998765512891
999998765513009
999998765513063
999998765513213
999998765513261
999998765513567
999998765513707
999998765513833
999998765513927
999998765513981
999998765514127
999998765514289
999998765514389
999998765514577
999998765514767
0
