3
4
6
6
7
27
1083
6967887
262144
285999
299973
999999999999991
2945017
44722
54171
91012
306397
50039
64344
1081223
364867
162252
40556
491286
46740
2919352
20169
20324
41960
32427
351736
536264
24347
22338
46221
25178
46741
9065773
2868840
1410863
308726
33387
637214
49743
696588
28147
28466
37846
4623624
1186372
30071
127842
35237
402423
28883
36261
237970
71354
86590
49567
4424569
57847
39869
19391
31930
55395
99499
1283296
28624
38812
92405
6594290
1292634
34448
6863471
312630
36627
68697
141957
3607138
249632
37914
86270
49396
28702
7920987
1727485
60283
2107650
188743
158408
141298
23850
82577
225001
52346
47876
24769
36978
1076202
265897
269413
270449
271753
272036
273220
274044
274852
275516
276170
276492
277005
277549
277934
278507
278702
278961
279347
279892
280271
280826
281024
281730
282257
282709
283011
283165
283348
283802
283997
284112
284714
284817
284932
285259
285515
285743
285937
286220
286460
286741
286958
287091
287273
287462
287637
287852
288116
288337
288400
288587
288925
289141
289431
289619
289890
290124
290364
290513
290665
290904
291156
291416
291667
291860
291962
292127
292239
292477
292730
292915
293047
293209
293392
293512
293785
293954
294106
294176
294340
294439
294643
294762
295046
295189
295268
295424
295496
295680
295731
295939
296150
296317
296506
296578
296789
296919
297118
297271
297415
999998765500029
999998765500179
999998765500273
999998765500479
999998765500593
999998765500771
999998765500855
999998765501053
999998765501259
999998765501475
999998765501659
999998765501821
999998765502001
999998765502283
999998765502429
999998765502591
999998765502841
999998765502961
999998765503065
999998765503291
999998765503351
999998765503395
999998765503503
999998765503723
999998765503819
999998765503995
999998765504193
999998765504283
999998765504569
999998765504781
999998765504913
999998765505051
999998765505241
999998765505349
999998765505523
999998765505591
999998765505673
999998765505733
999998765505855
999998765506153
999998765506399
999998765506585
999998765506671
999998765506749
999998765507031
999998765507083
999998765507281
999998765507463
999998765507553
999998765507619
999998765507719
999998765507851
999998765508075
999998765508183
999998765508501
999998765508651
999998765508835
999998765509015
999998765509131
999998765509279
999998765509461
999998765509611
999998765509729
999998765509833
999998765510059
999998765510209
999998765510289
999998765510455
999998765510563
999998765510713
999998765510953
999998765511081
999998765511219
999998765511393
999998765511469
999998765511591
999998765511771
999998765511885
999998765512071
999998765512183
999998765512233
999998765512279
999998765512369
999998765512585
999998765512713
999998765512849
999998765512999
999998765513053
999998765513083
999998765513229
999998765513383
999998765513665
999998765513731
999998765513859
999998765513973
999998765514105
999998765514255
999998765514351
999998765514403
999998765514615
