1
2
6
8
9
729
47045881
12137858827249
562949953421312
866421317361600
999730024299271
999999999999989
999999999999999
357872499435
430320077792
2405534346090
4645074752360
3502831256184
1402804392288
870747184629
1016564245169
3018210258780
8398148880550
4386642684060
1313062975536
1313425012264
2114849753730
3973061153958
2288992181528
571964833053
7191896589706
502069201200
2123947142190
3861557719183
4378608182520
3263984526429
4101466066020
3567284945094
5063159487322
2800319436558
4008999391744
2064581910940
995264428959
1107416659624
989579808504
1666257842907
3319000974351
5073627530532
5235950368464
4955802807519
6333047623813
120411009534
3275263514476
111754125120
9123346166900
1923928370105
3570508318860
6168547102104
1930408909756
855359001996
2847161382268
1396332060518
1625480380650
3716190977928
481603997747
6072134071122
711239755156
4998347684960
2170497566416
8541222967200
6964034876736
726077843139
3406253665872
2721329967834
755007625260
1698792928974
1531060234210
2112428322320
1441033402842
3458417044718
352960092420
343938273600
3736025335575
550373319550
2147035875025
275527390830
1464783121784
3778389001081
617734816488
406015027872
6053494816384
7045249586064
6789926090171
2776914365212
2208949150015
4467796568246
5072982676359
2042391372012
984941037479
9416579810876
718504054828560
727951223563200
732842273217600
743837656161600
746579072584800
757650341649600
763368706900800
769352704772400
776271548203200
780201323294400
783333404078400
788184098301600
792227767771440
798067284487200
800679005380800
801683391322800
805988547856800
808889579628480
812747451927600
816028288639200
821038988657160
825628621446720
829807517044800
833476525963200
836864641922400
840344328583200
841506094936080
843229231593840
846729923785200
848482855012800
849951559558080
854772065227080
855834546621600
859059567606240
860942312483400
862658476561440
864442329962400
866421317361600
868484986059600
871592266868400
873856282899600
876037029416640
876689297668800
878140925071200
880405536376800
881940905470800
883638664052760
886883359269600
887866600244400
888682311316800
890488576177200
893699066300040
895250547172800
898374586939200
900103980774240
902932903126800
904739377857120
906998913979200
908568908493120
910853179790400
911862994845600
914685345453600
916614426974400
918997246036800
921195078804000
922152164600160
923400431881200
924516275482800
927336495103200
929683260525600
930907752465600
932454440971200
933848095521600
935516688724800
937647356103360
939174833338560
940797831322440
942289660226880
943238925851040
944606729424960
946167006279600
947581130588400
949274287088400
951700146667200
952731486907200
953464631988960
955178120625120
956340845056800
957371685228000
958498004857680
960790305875400
962303725807200
963969451693920
965503963166400
966673433325600
968694792143400
970053410365200
971498099829600
973239135850800
974700455874600
999998765500037
999998765500183
999998765500367
999998765500517
999998765500619
999998765500793
999998765500913
999998765501137
999998765501369
999998765501539
999998765501717
999998765501821
999998765502167
999998765502283
999998765502439
999998765502739
999998765502851
999998765503013
999998765503069
999998765503307
999998765503369
999998765503403
999998765503547
999998765503723
999998765503861
999998765504029
999998765504213
999998765504339
999998765504591
999998765504813
999998765504969
999998765505067
999998765505277
999998765505431
999998765505533
999998765505637
999998765505683
999998765505739
999998765505899
999998765506241
999998765506501
999998765506607
999998765506673
999998765506759
999998765507033
999998765507213
999998765507389
999998765507477
999998765507587
999998765507641
999998765507761
999998765507899
999998765508103
999998765508191
999998765508569
999998765508671
999998765508839
999998765509061
999998765509151
999998765509309
999998765509489
999998765509657
999998765509739
999998765509889
999998765510083
999998765510219
999998765510347
999998765510501
999998765510567
999998765510729
999998765511017
999998765511139
999998765511287
999998765511407
999998765511503
999998765511659
999998765511791
999998765511913
999998765512121
999998765512183
999998765512247
999998765512283
999998765512421
999998765512657
999998765512723
999998765512889
999998765513003
999998765513053
999998765513171
999998765513233
999998765513479
999998765513669
999998765513791
999998765513873
999998765513977
999998765514121
999998765514283
999998765514361
999998765514557
999998765514733
0
