3
4
6
6
7
27
1083
6967887
262144
285999
299973
999999999999991
2945017
575954
153590
258185
7153689
55612
17014
32531
18710
213400
152451
29656
118665
143121
92651
44617
26380
67188
55328
49620
10288675
64292
5664552
25573
55500
32645
43216
822400
31303
475328
49267
9467365
1827950
32868
22052
249182
85884
25335
74689
60839
3271780
24030
503376
163587
98864
2780726
63602
48123
42363
474836
979517
24629
34358
46727
3298215
763266
502521
46383
47134
128110
74357
65880
55552
54277
665791
30695
134758
57526
19970
17270
49028
230588
371896
845564
161910
6106263
61251
47237
27043
127908
24919
1786557
318058
52421
26328
160292
51856
76164
268912
270187
270527
271836
272716
273711
274730
275144
275819
276272
276701
277137
277631
278426
278614
278848
279211
279840
280211
280380
280939
281617
282016
282378
282761
283108
283284
283586
283855
284081
284342
284743
284841
285219
285421
285689
285783
286041
286259
286601
286829
287056
287251
287356
287567
287777
287903
288287
288364
288515
288664
289004
289361
289491
289749
290027
290222
290427
290593
290836
291003
291233
291529
291686
291953
292031
292170
292327
292588
292863
292973
293091
293327
293491
293651
293815
293997
294141
294289
294389
294598
294669
294862
295168
295199
295357
295462
295618
295693
295874
296089
296193
296406
296522
296634
296875
296998
297146
297330
297475
999998765500081
999998765500189
999998765500405
999998765500525
999998765500683
999998765500831
999998765500981
999998765501163
999998765501421
999998765501599
999998765501739
999998765501919
999998765502171
999998765502313
999998765502493
999998765502825
999998765502891
999998765503029
999998765503083
999998765503315
999998765503381
999998765503413
999998765503591
999998765503749
999998765503965
999998765504109
999998765504245
999998765504421
999998765504749
999998765504823
999998765504973
999998765505085
999998765505303
999998765505471
999998765505549
999998765505645
999998765505705
999998765505795
999998765506033
999998765506333
999998765506525
999998765506615
999998765506731
999998765506839
999998765507041
999998765507229
999998765507395
999998765507481
999998765507605
999998765507659
999998765507815
999998765507911
999998765508109
999998765508445
999998765508579
999998765508739
999998765508891
999998765509065
999998765509183
999998765509323
999998765509519
999998765509699
999998765509743
999998765509905
999998765510101
999998765510265
999998765510389
999998765510515
999998765510613
999998765510839
999998765511025
999998765511201
999998765511325
999998765511411
999998765511525
999998765511663
999998765511805
999998765512029
999998765512143
999998765512201
999998765512251
999998765512321
999998765512425
999998765512681
999998765512743
999998765512893
999998765513011
999998765513065
999998765513215
999998765513263
999998765513569
999998765513709
999998765513835
999998765513929
999998765513983
999998765514129
999998765514291
999998765514391
999998765514579
999998765514769
