4 5 3
1 3
3 4
1 2
1 3
1 2
5 6 1
1 5
1 4
3 4
1 4
2 3
2 4
5 6 2
2 3
2 5
3 4
3 5
4 5
1 3
5 6 3
3 1
2 4
3 2
2 4
3 1
1 5
5 6 4
3 5
3 5
2 5
4 1
3 5
2 3
5 6 5
5 1
2 4
5 4
2 3
2 4
3 1
5 6 1
1 4
1 4
3 4
1 2
1 3
1 3
5 6 2
1 4
2 4
1 3
2 5
1 3
1 3
5 6 3
2 4
1 5
3 4
3 1
1 5
3 4
5 6 4
4 3
2 1
2 1
4 2
2 3
2 1
5 6 5
3 1
4 1
4 1
2 4
3 1
5 4
20 10 1
5 9
12 16
10 19
8 19
2 19
15 16
1 9
9 18
13 16
10 13
20 10 3
15 16
3 18
1 12
11 19
2 20
9 13
12 16
2 13
6 9
10 17
20 10 5
16 19
3 6
11 17
1 17
18 20
9 14
6 11
1 20
8 10
1 8
20 10 7
1 9
9 20
15 19
4 20
3 16
6 1
6 19
1 13
13 18
6 18
20 10 9
6 1
5 6
16 20
9 15
2 6
7 1
9 19
16 19
14 18
7 8
20 10 11
7 13
10 18
5 1
5 9
3 14
16 17
2 8
14 20
5 19
1 19
20 10 13
7 12
2 14
3 8
13 14
19 20
9 1
10 18
5 17
3 1
2 10
20 10 15
10 18
15 10
11 17
6 9
4 10
4 1
1 17
13 18
2 7
3 19
20 10 17
2 3
4 15
13 1
14 20
3 13
4 20
11 12
4 12
4 11
17 14
20 10 19
6 12
11 12
18 20
2 4
15 16
13 18
4 16
10 16
19 6
3 13
10 9 1
1 2
2 3
3 4
4 5
5 6
6 7
7 8
8 9
9 10
30 29 20
20 29
29 30
30 4
4 8
8 5
5 16
16 24
24 2
2 18
18 10
10 15
15 11
11 6
6 25
25 12
12 3
3 14
14 27
27 1
1 9
9 22
22 28
28 23
23 21
21 13
13 17
17 7
7 19
19 26
50 49 43
43 20
20 12
12 39
39 40
40 13
13 3
3 11
11 31
31 37
37 44
44 34
34 2
2 7
7 1
1 26
26 15
15 29
29 10
10 49
49 46
46 5
5 41
41 21
21 9
9 36
36 38
38 28
28 6
6 17
17 27
27 35
35 32
32 30
30 24
24 8
8 14
14 19
19 45
45 47
47 33
33 42
42 4
4 23
23 50
50 22
22 16
16 48
48 18
18 25
10 9 1
9 10
8 9
7 8
6 7
5 6
4 5
3 4
2 3
1 2
30 29 4
29 1
13 29
9 13
17 9
21 17
6 21
3 6
11 3
30 11
25 30
19 25
7 19
28 7
26 28
8 26
23 8
15 23
20 15
16 20
24 16
12 24
2 12
10 2
18 10
5 18
22 5
14 22
27 14
4 27
50 49 37
27 18
30 27
39 30
24 39
5 24
38 5
11 38
29 11
26 29
12 26
45 12
15 45
3 15
14 3
32 14
10 32
2 10
34 2
49 34
25 49
44 25
43 44
46 43
35 46
22 35
9 22
20 9
1 20
7 1
19 7
48 19
42 48
31 42
17 31
21 17
50 21
8 50
47 8
16 47
28 16
13 28
36 13
6 36
23 6
41 23
4 41
33 4
40 33
37 40
100 80 10
65 93
20 75
84 93
32 55
24 44
29 42
10 13
7 65
76 91
55 80
24 82
32 77
17 92
9 27
38 40
49 96
39 99
2 24
30 81
8 67
37 88
12 33
51 92
37 75
17 68
9 37
31 73
2 94
29 50
46 49
24 35
12 16
1 75
32 61
22 78
15 37
12 91
13 98
28 94
13 67
23 25
86 87
30 82
69 91
29 57
58 75
45 47
22 25
28 46
11 68
35 46
55 88
8 72
29 54
38 44
37 82
5 92
41 88
12 60
1 58
3 79
52 84
51 91
26 73
68 72
8 61
26 67
54 97
16 31
42 86
70 84
11 37
5 90
68 96
80 94
17 100
34 60
14 50
69 91
44 93
100 1000 10
19 61
33 94
66 73
58 65
42 82
7 34
14 42
5 66
1 91
29 92
5 61
8 11
27 88
58 77
2 94
32 63
16 34
41 95
50 68
24 30
22 30
7 33
22 62
35 79
66 69
4 45
37 59
11 33
48 71
34 50
57 86
76 99
50 99
8 96
47 54
25 70
73 80
68 76
33 86
19 27
10 77
38 65
45 60
30 76
14 30
21 22
39 98
71 81
7 48
20 40
82 100
53 60
22 87
55 86
20 93
78 79
47 73
35 83
2 68
4 86
10 90
42 86
22 54
39 75
50 65
45 70
54 55
1 76
31 98
29 56
19 34
22 38
28 33
14 36
14 86
61 65
40 65
10 67
27 88
24 35
76 85
13 25
49 98
28 94
20 45
20 90
42 90
68 94
31 54
42 49
36 86
5 24
14 64
13 93
34 39
7 72
7 40
60 76
17 96
2 99
18 59
4 65
10 98
42 100
17 20
21 59
22 56
48 76
9 65
47 97
46 78
36 38
60 87
84 100
24 62
22 72
51 94
3 64
54 81
34 47
45 89
35 88
18 76
50 63
80 86
3 74
35 58
1 32
20 68
56 93
13 54
7 40
4 86
66 72
18 29
25 77
41 62
3 8
11 53
16 48
67 72
36 54
53 83
61 68
10 11
58 94
47 86
7 79
34 88
68 87
3 90
93 94
28 47
30 59
4 1
59 70
20 77
40 56
32 73
34 51
34 54
54 62
19 44
69 70
51 64
79 84
26 55
83 94
19 76
35 93
31 53
29 32
76 91
3 47
6 55
74 79
62 82
10 7
21 37
2 59
5 71
25 32
20 65
25 67
55 86
55 71
30 65
30 98
34 72
24 50
12 23
40 98
41 79
4 44
58 59
17 68
34 75
17 55
63 83
61 92
5 64
19 85
49 96
2 97
31 58
15 19
7 46
36 100
39 79
56 78
4 36
83 100
1 68
31 33
5 77
57 68
48 56
88 93
53 60
7 96
59 81
7 89
17 77
65 100
28 40
60 80
15 92
62 78
9 63
57 66
80 85
31 61
14 91
45 93
21 83
11 30
63 79
64 77
29 41
10 76
26 79
30 98
95 99
52 64
33 37
45 63
77 91
56 99
70 86
36 52
8 33
17 50
28 97
31 83
48 67
3 93
14 55
26 94
20 75
81 92
23 24
10 47
38 57
80 99
7 70
23 46
3 75
87 96
54 85
43 62
22 70
1 59
67 90
45 68
27 79
38 88
66 70
14 54
41 44
2 46
7 100
8 42
33 36
33 55
35 97
35 58
76 88
77 87
19 69
23 52
95 96
24 63
50 89
22 82
16 88
4 22
2 91
51 70
6 68
38 61
17 28
52 76
39 87
3 68
28 46
4 60
34 88
36 81
27 36
38 88
3 59
52 85
38 41
85 86
1 57
37 57
22 56
3 61
91 94
20 48
3 95
14 88
70 83
36 86
54 70
63 69
77 90
17 48
16 70
34 61
41 88
6 28
83 100
2 100
27 51
28 43
10 50
8 17
73 78
51 100
12 67
51 76
39 48
22 83
60 81
25 29
16 45
15 41
5 80
70 78
5 66
30 48
17 68
20 53
65 90
22 53
39 59
34 42
55 83
25 88
14 82
16 82
61 79
13 19
41 45
36 60
21 70
36 81
73 77
2 96
11 37
42 100
26 97
6 36
36 70
22 97
36 57
41 47
15 51
47 53
24 30
12 31
70 76
35 61
35 55
39 72
44 91
23 70
47 59
31 92
4 43
42 50
16 92
18 92
92 94
24 27
31 41
26 81
31 36
16 41
46 83
41 71
49 97
76 90
29 51
6 46
45 91
12 34
20 66
63 84
52 83
27 53
13 38
22 65
34 99
29 51
13 16
50 90
25 42
28 34
61 75
61 79
11 72
13 73
45 83
36 47
10 30
6 84
69 86
21 46
31 33
12 72
36 82
65 93
77 96
76 100
76 77
9 15
11 88
21 60
5 20
56 82
20 59
6 42
64 74
30 48
16 62
27 85
42 77
84 89
3 18
48 82
42 87
71 88
8 93
10 14
9 64
27 72
29 54
9 70
70 83
3 53
86 94
13 21
23 84
64 97
52 65
19 98
30 45
22 80
31 94
19 29
59 62
48 70
34 87
33 52
18 78
82 88
48 83
8 1
20 91
47 71
26 57
51 66
75 77
21 80
7 77
8 19
78 88
18 30
47 99
26 30
9 30
39 80
35 56
19 68
62 70
6 29
46 81
71 88
16 26
20 35
20 23
41 63
49 79
54 89
5 50
77 100
18 39
15 90
25 67
28 63
12 80
49 62
40 89
27 59
65 81
10 40
14 30
31 65
35 77
1 37
67 86
25 57
76 80
37 89
11 63
32 47
37 48
49 79
12 34
32 63
3 15
8 90
26 70
16 24
55 77
28 87
75 76
14 90
38 39
20 61
17 74
39 85
51 83
35 93
20 85
22 63
65 88
70 97
8 12
8 15
39 59
34 37
54 91
37 57
62 88
6 56
40 98
43 92
29 77
39 73
26 79
38 58
46 86
37 58
25 96
40 55
84 86
53 73
29 61
50 98
49 100
65 76
32 54
19 24
55 82
78 84
79 91
28 86
7 47
8 86
28 95
36 91
18 98
34 76
34 49
29 81
28 88
11 56
45 71
29 88
11 37
35 47
58 69
27 77
13 27
18 44
1 81
15 45
11 62
47 89
37 42
45 95
33 78
39 96
49 71
76 89
47 77
22 91
4 90
16 75
27 30
24 41
47 58
47 75
35 93
79 94
53 91
73 91
22 31
25 28
2 38
33 41
17 78
49 55
53 57
2 34
4 16
14 43
47 79
14 17
66 68
61 87
6 86
69 87
46 52
3 95
80 90
2 98
30 95
38 99
46 67
70 89
36 98
50 56
82 89
2 9
71 96
66 91
15 54
53 94
11 100
40 69
28 57
17 90
83 88
29 78
64 90
7 61
7 88
30 51
56 76
29 68
59 64
60 80
67 79
77 89
60 98
17 90
21 61
47 56
58 84
70 71
50 67
10 95
8 79
77 84
45 87
4 50
60 75
67 86
52 99
9 34
53 72
33 75
68 88
30 75
30 52
3 71
18 87
43 69
28 70
17 24
42 57
32 73
76 97
41 95
44 87
47 48
11 26
42 66
54 85
25 96
11 41
24 59
45 90
12 55
8 67
18 66
31 50
12 76
18 86
19 59
29 81
31 87
66 78
21 83
36 67
35 91
43 70
59 84
29 67
49 90
75 84
4 96
71 77
7 69
13 68
38 46
94 95
59 98
56 99
12 46
5 89
54 95
14 40
55 92
9 70
20 35
61 80
30 93
38 95
39 92
68 84
40 50
29 62
75 100
70 95
34 48
7 85
68 95
15 73
62 67
18 67
29 48
46 97
15 81
6 73
61 76
10 52
10 51
14 76
30 94
27 36
11 65
53 82
31 79
65 95
37 42
26 69
11 31
49 65
14 72
8 83
56 74
12 96
31 32
24 91
10 56
7 32
13 28
56 92
40 79
4 15
10 27
10 35
30 75
62 75
4 70
66 79
13 51
34 87
11 68
15 100
93 100
51 66
5 47
2 84
53 87
36 53
3 69
14 69
47 59
55 73
10 96
23 97
47 69
37 58
3 75
34 71
37 100
58 65
66 87
13 71
30 66
22 32
18 65
43 62
19 91
5 33
7 22
48 74
36 54
50 97
17 73
34 35
84 94
21 36
8 51
56 92
4 49
95 97
60 95
23 68
4 21
26 73
20 99
82 99
56 95
7 48
23 28
7 1
93 98
27 34
43 60
17 98
17 19
3 17
72 97
13 93
38 99
8 79
14 18
21 40
69 84
66 76
23 83
53 65
3 99
3 28
7 77
74 95
18 100
9 71
52 67
32 90
57 84
2 5
7 20
16 49
84 98
61 85
75 81
55 91
34 99
78 91
21 38
14 62
10 62
37 73
29 57
72 95
9 29
23 50
57 79
29 97
9 69
23 25
61 75
62 84
57 76
30 82
49 82
44 75
29 56
92 99
4 55
3 38
58 74
89 95
6 28
6 71
36 48
5 18
43 61
15 60
3 8
6 98
24 68
32 58
55 63
30 94
41 55
52 57
57 97
49 71
2 58
12 57
15 75
78 90
72 74
46 49
73 96
61 76
45 75
59 66
4 75
2 21
61 72
26 69
89 98
5 32
91 96
46 71
79 83
20 43
3 98
1 85
67 95
56 75
49 65
38 42
42 85
11 90
77 91
83 94
5 30
52 93
17 86
7 46
4 79
61 77
62 63
31 55
8 67
21 39
68 78
55 75
26 53
10 51
66 76
43 98
71 81
34 95
10 83
3 94
4 55
4 15
47 52
50 69
6 83
24 53
28 32
42 49
28 44
17 68
73 82
24 64
14 68
13 85
66 84
34 92
32 59
7 30
52 96
25 81
52 84
37 80
27 61
7 17
55 76
58 95
26 66
36 87
12 22
23 80
27 76
50 58
46 90
100 330 14
26 65
67 88
84 68
15 12
47 68
96 32
93 64
86 76
45 55
91 57
89 80
7 88
78 42
88 51
10 66
65 68
60 77
96 68
53 39
61 40
96 65
45 18
7 21
33 66
66 64
96 80
98 41
81 35
57 42
91 99
66 95
83 9
27 24
38 13
10 46
22 59
65 39
7 62
93 34
61 68
83 51
14 32
73 54
11 77
75 55
32 62
28 58
83 26
62 19
33 95
53 89
68 64
36 98
27 83
7 89
98 1
18 94
14 53
48 80
71 52
44 68
65 82
84 23
38 39
84 24
59 55
89 39
91 87
23 24
79 19
34 35
14 83
96 79
11 86
84 6
67 83
75 43
2 38
10 6
2 10
54 66
100 56
44 46
73 19
45 15
61 9
73 93
27 83
96 48
68 6
73 64
22 36
38 13
78 30
54 62
65 48
8 99
82 40
58 94
65 89
35 18
35 4
38 35
48 47
92 40
98 71
3 55
11 76
27 6
46 35
83 24
38 24
65 88
96 35
2 19
10 48
21 51
29 40
82 66
82 13
61 23
13 35
10 23
53 34
83 26
72 12
84 83
95 19
78 4
96 92
13 24
55 17
10 93
44 62
45 1
39 24
14 39
13 64
78 71
23 66
64 24
83 39
70 55
73 88
7 23
10 62
10 80
72 43
81 9
92 81
71 15
7 65
71 60
58 76
36 11
58 30
41 4
59 86
18 70
30 50
45 90
36 70
41 75
94 74
45 16
97 74
32 19
67 39
52 4
27 35
17 50
78 28
22 8
22 28
72 8
83 82
18 85
1 52
17 4
75 49
12 30
76 90
37 94
43 52
72 50
69 37
8 77
11 20
91 70
47 32
56 50
91 57
17 5
22 17
21 81
7 68
80 64
15 94
91 49
11 56
72 71
54 10
35 43
100 11
6 19
25 85
45 16
75 20
98 69
68 64
7 63
45 87
89 93
36 97
96 68
79 32
98 94
87 55
60 37
86 42
56 4
92 54
22 98
75 43
85 76
23 51
45 85
28 41
70 74
81 51
20 17
29 13
59 5
41 94
35 28
8 12
43 60
87 99
68 62
92 19
7 9
27 46
26 88
25 28
35 56
71 20
8 87
41 75
22 37
41 43
13 63
45 87
59 43
72 8
97 1
72 8
27 54
36 71
36 25
87 99
55 60
96 27
48 24
32 68
35 97
72 5
72 1
2 26
82 66
14 31
29 65
8 18
85 43
36 49
54 81
71 18
77 49
3 55
75 42
36 8
100 37
45 50
57 20
3 11
71 41
41 85
22 87
20 37
45 50
56 37
35 16
45 5
38 81
89 46
67 68
79 83
70 74
31 64
41 77
35 71
13 85
21 70
10 51
14 20
61 79
20 37
87 90
14 62
91 17
34 5
82 16
45 60
27 25
78 50
26 43
40 31
88 46
15 87
91 25
96 74
14 39
83 69
65 52
19 41
46 100
93 87
51 76
89 9
79 40
51 24
100 330 79
74 78
24 14
41 74
28 82
4 29
83 26
74 90
99 30
49 61
21 43
76 27
18 16
76 73
65 24
43 19
98 19
79 95
4 10
86 27
72 19
2 63
65 18
3 40
34 94
73 98
22 12
86 30
89 60
73 10
29 92
21 8
82 8
70 19
75 80
76 16
18 92
50 5
72 24
66 11
3 24
29 98
54 40
98 40
79 19
55 54
66 80
18 27
7 73
15 89
70 98
20 75
4 24
3 76
70 78
21 43
24 78
82 67
64 30
7 40
27 30
58 38
67 43
21 33
63 27
29 13
86 3
1 48
51 80
55 46
64 27
79 2
33 54
95 54
15 36
26 29
82 92
18 82
2 5
28 50
24 46
74 78
22 80
18 78
29 46
83 78
72 9
88 89
63 93
71 13
39 61
7 19
76 2
73 54
78 84
10 14
86 46
4 67
100 80
95 98
65 16
28 2
32 26
83 67
26 27
41 13
70 78
26 76
78 85
26 73
68 94
59 20
72 4
97 42
28 13
3 54
77 89
64 4
35 23
79 28
23 75
55 63
86 2
62 36
14 5
28 72
92 16
63 43
93 46
4 55
70 46
46 78
83 4
9 93
83 24
76 10
66 61
4 90
4 21
18 5
49 57
70 26
30 40
86 33
99 95
59 60
58 6
85 35
52 81
100 23
91 89
27 54
73 67
21 10
72 21
89 31
13 78
38 25
78 69
49 1
18 82
82 73
68 94
6 22
48 80
15 89
96 37
52 97
47 31
77 89
6 56
20 60
35 1
85 31
17 1
78 25
45 75
22 94
27 5
58 47
41 46
38 48
15 62
23 80
52 61
49 87
35 87
47 34
78 77
95 54
34 42
39 15
70 64
25 11
96 89
52 80
6 66
9 40
89 48
38 11
22 56
74 33
35 61
44 94
93 46
52 45
100 81
68 94
38 61
93 30
70 54
49 88
56 80
6 88
88 53
85 42
100 52
25 11
69 42
49 34
97 89
77 39
77 85
88 12
82 67
58 20
77 81
99 72
44 68
100 42
49 61
88 75
37 87
89 36
85 62
79 71
59 84
17 84
77 47
69 62
79 43
57 75
28 72
20 75
56 75
22 61
96 97
64 5
84 23
70 9
59 20
79 78
52 1
49 80
1 62
38 88
15 12
89 60
22 11
49 36
84 44
58 96
80 25
47 38
45 81
39 87
62 11
96 48
75 61
20 23
87 11
84 56
37 23
61 11
59 75
72 13
70 2
100 51
29 67
34 59
98 40
38 88
87 75
96 12
66 20
100 11
65 41
97 87
35 87
96 31
20 48
99 43
58 20
82 46
73 14
45 31
41 14
86 55
78 89
59 60
39 60
8 59
18 56
33 17
27 16
18 8
7 39
41 93
35 75
44 51
33 56
27 46
29 30
64 36
90 39
3 42
74 60
93 49
50 36
2 97
21 45
83 11
82 25
27 78
83 49
100 31
4 54
54 20
49 11
98 33
78 89
100 330 52
69 74
8 50
30 77
41 48
66 83
60 15
28 1
24 18
52 11
86 11
28 90
61 11
45 13
28 47
96 30
7 90
75 3
16 63
95 90
96 66
43 35
30 98
24 78
77 74
57 40
48 17
89 80
37 11
1 35
19 39
61 11
61 77
97 15
64 30
52 20
65 18
54 21
19 32
42 72
75 35
41 3
23 67
75 66
48 74
61 48
95 48
73 3
95 47
64 37
1 86
24 85
52 3
29 18
37 36
11 74
75 44
7 42
89 70
95 98
28 98
14 88
58 77
49 33
36 42
16 77
23 99
43 48
89 35
51 35
37 43
41 16
46 45
75 19
89 74
50 67
51 66
65 88
95 39
52 86
57 71
89 98
90 74
68 24
64 59
38 99
89 48
88 45
69 59
37 11
39 80
42 92
66 63
83 47
99 54
48 63
39 90
21 12
43 92
1 11
91 67
1 74
43 16
90 48
77 48
34 100
1 6
43 69
41 73
78 67
91 12
61 70
88 94
66 74
45 71
95 61
28 36
75 32
96 4
83 98
4 87
25 13
59 6
75 19
16 48
96 90
68 18
65 38
97 53
66 17
41 32
20 44
37 4
5 15
3 48
6 74
30 98
96 41
9 97
32 72
97 100
20 27
90 59
74 84
42 72
26 18
95 27
52 48
88 82
36 58
30 35
65 23
37 69
24 85
20 43
46 91
79 18
42 2
75 86
37 16
29 45
82 54
29 10
13 15
50 67
80 11
29 85
60 8
53 18
94 15
100 40
49 13
92 6
56 94
93 94
5 91
5 10
75 11
65 45
34 8
37 39
37 16
27 48
38 29
20 36
52 72
31 78
34 68
81 15
56 49
16 59
56 99
88 78
99 53
60 49
31 24
24 54
43 92
91 94
9 99
97 50
31 79
84 15
22 84
99 10
45 21
50 57
49 84
80 11
4 87
93 76
29 45
97 21
60 68
41 16
22 55
72 86
94 55
45 15
71 12
70 98
36 6
25 10
89 92
25 12
62 81
45 57
64 66
77 92
52 89
74 81
85 15
51 36
74 57
2 80
8 67
78 81
24 99
74 100
34 38
31 29
70 86
33 15
23 99
79 15
56 99
20 66
22 81
68 13
8 91
34 93
46 94
1 72
60 24
10 55
19 77
50 12
99 78
49 53
62 14
84 88
88 15
81 71
52 69
9 94
31 14
97 67
99 57
33 78
32 16
66 42
4 42
4 61
53 54
74 13
13 15
53 76
31 50
32 59
8 18
91 76
93 40
41 28
31 68
78 57
56 29
84 53
9 13
10 82
5 67
49 76
70 35
68 45
38 76
100 26
20 44
38 25
62 57
57 67
31 55
14 25
83 74
74 50
49 53
39 38
44 94
42 21
11 56
65 82
1 86
37 71
9 94
99 91
78 76
43 4
77 62
69 13
35 78
56 45
87 40
14 88
51 67
22 53
11 56
25 71
32 69
7 27
44 84
60 53
66 99
51 37
100 330 2
31 81
32 10
46 84
81 69
73 87
80 48
68 66
39 53
26 33
5 89
15 59
1 14
51 85
8 70
65 38
83 68
80 75
73 32
68 44
78 22
58 41
13 93
99 45
8 67
46 72
82 43
82 42
43 44
46 42
9 38
6 71
37 13
43 11
1 87
84 11
4 100
33 92
8 92
9 57
64 33
45 20
15 33
86 95
78 66
2 27
84 92
57 68
43 72
3 11
84 28
5 43
59 18
8 66
31 95
22 4
1 72
82 64
26 89
59 13
28 13
92 22
16 99
57 36
84 37
28 27
50 51
82 43
43 87
67 18
88 79
2 5
42 11
82 83
73 18
54 51
58 95
46 22
81 90
43 11
58 77
84 73
54 95
14 26
43 13
87 66
53 66
38 66
58 45
91 34
98 62
82 8
48 75
68 97
39 72
31 48
33 72
28 36
1 39
11 59
64 28
95 45
28 100
86 71
82 8
40 22
25 45
12 97
12 89
69 7
33 44
14 38
1 87
82 70
78 13
70 89
36 12
9 65
16 75
2 4
16 95
5 22
1 39
15 89
45 20
86 20
92 59
11 38
19 96
2 97
36 44
27 22
9 67
84 28
38 100
84 39
39 22
61 17
32 36
80 74
46 9
70 22
62 85
25 77
35 7
39 44
1 37
55 52
67 10
2 39
14 36
71 45
81 52
16 35
61 45
56 91
8 57
64 72
80 60
25 30
8 89
97 63
95 79
43 65
76 79
91 49
76 7
47 20
1 68
25 62
34 61
6 60
42 65
58 30
16 49
30 85
19 17
14 22
86 47
1 27
76 74
54 45
64 11
29 88
1 13
28 66
76 95
71 61
50 21
52 94
91 80
76 50
37 28
97 62
77 63
54 16
71 20
55 61
32 59
86 17
24 47
81 96
19 79
81 47
58 47
55 79
44 72
1 53
96 90
74 94
52 88
55 81
62 85
76 29
77 95
60 19
15 67
19 85
28 67
52 74
85 20
85 61
25 24
41 20
49 90
6 45
48 62
56 51
50 20
6 19
63 94
99 60
55 7
55 76
46 57
27 72
24 62
56 81
29 17
83 97
54 50
50 23
29 75
91 23
32 87
81 75
97 90
93 18
8 36
1 100
34 35
69 79
40 3
60 96
52 17
5 40
98 56
30 35
46 4
64 67
14 42
69 96
28 66
87 93
14 93
76 79
98 21
98 24
31 6
25 88
97 81
41 94
2 100
11 68
64 65
55 24
50 61
63 19
21 19
16 90
38 4
51 21
71 34
76 94
56 63
97 49
78 3
80 79
9 11
60 30
74 69
86 95
31 47
50 21
19 85
85 61
76 80
82 28
30 90
80 94
97 35
93 80
6 61
2 21
9 74
50 52
70 34
32 54
98 52
92 41
25 48
28 41
2 26
1 64
73 53
50 47
94 35
2 24
83 96
9 51
41 80
33 55
24 77
29 85
8 31
39 61
32 75
14 41
80 45
92 66
21 88
100 330 41
53 69
73 9
25 99
44 61
26 48
41 12
81 6
65 24
72 45
37 23
1 44
64 63
15 45
2 20
14 56
93 97
28 29
67 86
100 18
84 92
2 51
26 89
79 50
17 63
67 68
12 23
86 23
71 63
57 77
34 20
28 9
67 25
4 34
71 25
67 17
54 82
5 88
54 97
36 1
4 77
96 93
73 98
12 38
14 92
32 79
73 11
66 24
95 34
98 70
17 20
13 36
6 69
67 40
31 99
13 94
70 34
92 72
53 37
16 39
12 68
18 11
31 70
95 93
6 96
67 29
72 82
81 68
3 23
29 40
16 20
64 4
33 7
85 66
64 63
12 87
31 70
31 25
100 69
6 68
41 16
8 17
53 34
12 99
28 37
100 28
28 40
37 93
81 63
81 40
12 29
2 89
76 87
96 29
73 89
71 46
83 24
16 37
48 20
66 32
36 92
8 51
1 65
70 20
73 25
16 20
71 29
89 48
47 32
76 78
57 93
38 99
64 51
45 24
9 20
96 68
68 40
100 18
99 34
18 46
3 31
43 82
19 88
28 77
39 34
76 93
5 50
81 96
63 23
93 90
38 39
53 51
53 86
6 68
93 45
16 29
70 9
39 78
13 7
62 82
4 34
54 7
95 40
65 80
76 11
87 37
70 63
89 77
84 55
73 68
3 38
93 82
72 59
22 43
13 30
12 34
64 98
21 88
92 79
2 26
5 21
1 74
100 64
39 93
19 91
93 33
83 90
15 91
46 20
83 30
100 63
75 42
33 56
88 59
24 94
85 56
93 85
5 79
13 55
33 58
39 25
35 59
13 94
33 35
71 99
64 51
12 11
37 46
85 19
22 61
13 30
10 90
21 61
54 79
54 91
1 82
62 52
1 88
71 34
93 59
19 55
19 24
1 19
41 8
58 97
24 58
84 21
36 92
91 45
22 30
13 80
44 50
50 55
71 17
14 15
62 49
19 42
10 44
83 35
72 61
56 97
43 35
52 60
13 65
76 71
61 50
8 63
36 50
79 44
87 39
36 61
14 52
14 22
87 34
83 43
39 48
52 82
25 40
83 42
22 54
87 20
65 30
72 61
60 27
3 28
14 91
45 21
91 90
71 39
72 10
22 97
83 35
56 54
14 66
29 78
41 34
93 62
36 60
47 74
13 32
100 37
54 49
45 74
82 88
92 7
54 10
14 5
6 4
32 97
12 99
2 20
13 66
99 51
85 22
19 10
66 19
15 10
41 37
13 50
36 58
83 59
5 19
12 89
37 78
8 98
3 6
7 44
74 90
1 27
44 50
19 24
22 49
5 59
5 45
41 25
44 49
1 60
21 74
54 65
22 27
38 23
7 65
2 98
11 24
77 97
23 92
73 75
3 79
38 64
2 30
47 91
64 85
69 13
73 17
26 9
28 82
13 19
28 61
18 44
92 52
46 97
83 59
68 47
12 9
43 60
4 55
9 74
14 1
52 27
73 50
51 27
100 330 75
23 21
99 63
64 22
22 10
16 39
73 49
78 90
59 67
69 35
16 88
26 84
50 71
46 41
57 53
24 27
96 25
81 2
50 11
21 27
43 16
98 84
92 72
85 80
42 65
81 27
36 63
45 48
37 99
4 1
44 71
3 9
36 39
2 31
4 67
23 80
11 67
67 84
1 12
78 23
40 53
59 44
41 79
37 63
40 27
67 88
11 19
92 28
81 39
84 73
59 14
34 44
100 29
75 87
12 33
1 33
59 90
67 12
99 74
40 23
19 84
99 88
61 49
4 87
59 38
77 73
4 43
55 51
8 6
11 43
84 66
2 23
44 23
38 80
43 24
75 32
57 16
97 76
58 77
11 38
59 37
36 16
62 95
26 74
59 36
75 33
97 13
84 39
31 33
40 73
98 36
47 5
4 80
100 17
20 34
84 39
63 33
13 94
81 84
75 33
50 26
73 70
40 37
5 89
34 78
97 69
67 53
81 80
8 5
40 80
77 24
89 7
11 77
68 18
67 27
4 33
71 98
30 82
85 31
20 40
90 63
20 77
77 16
57 27
60 76
74 31
90 63
50 43
1 73
50 11
67 43
66 39
53 21
98 36
36 38
75 71
6 83
58 21
97 28
12 39
4 12
50 14
1 74
31 39
41 70
4 36
85 77
20 12
67 38
77 66
37 88
89 22
60 100
9 25
73 61
30 55
95 42
17 10
68 22
47 69
41 49
64 91
25 29
65 79
95 83
19 36
97 95
95 79
97 30
26 2
1 67
77 73
3 28
62 6
44 31
97 94
3 70
61 65
13 25
81 31
53 71
86 22
91 10
61 64
10 72
73 47
76 65
79 18
73 72
70 29
74 33
43 21
53 24
89 15
9 42
30 72
95 13
11 85
52 72
45 22
92 82
9 72
92 22
8 13
86 7
55 9
41 25
5 7
13 10
3 83
10 35
30 8
62 49
65 51
85 80
14 58
55 69
98 74
30 89
77 88
22 10
78 11
59 78
47 9
73 13
95 28
11 32
65 29
64 83
90 31
96 83
100 10
4 37
77 32
85 33
3 93
36 32
26 39
22 94
68 79
94 35
70 94
20 53
5 10
46 28
42 52
8 95
97 70
62 83
65 7
22 83
100 82
10 29
25 18
69 15
71 32
100 86
50 12
96 64
10 28
71 31
71 77
76 95
10 72
73 70
46 95
86 25
97 25
34 77
48 22
48 35
8 95
7 79
36 16
43 39
93 15
73 100
19 58
46 5
79 29
49 29
91 83
64 83
47 25
45 29
86 22
92 25
95 15
96 79
60 95
46 6
94 29
41 48
5 7
30 35
3 64
97 62
18 29
97 3
73 95
41 9
98 21
2 14
2 51
99 97
99 85
40 19
58 32
81 69
26 46
78 87
11 58
43 23
57 25
40 13
56 22
4 2
74 5
46 25
43 97
53 90
78 49
1 87
88 64
26 65
36 39
85 23
90 8
4 97
43 18
32 65
100 330 36
35 62
20 38
36 9
79 28
7 71
51 73
77 22
23 72
31 87
86 62
12 66
99 60
12 80
53 38
66 15
71 90
19 72
91 67
27 44
52 24
5 65
13 3
76 87
40 25
33 44
12 44
56 90
93 23
89 49
12 99
82 94
22 75
19 27
18 28
16 88
36 12
95 81
43 97
86 87
20 31
35 3
35 73
61 76
15 14
1 11
93 14
19 68
53 29
2 70
80 62
57 95
10 85
33 76
86 72
93 52
52 60
77 3
89 15
89 16
29 100
18 82
63 7
96 74
82 96
20 45
24 15
23 9
35 93
12 47
33 49
47 31
24 64
51 9
76 14
53 87
77 31
8 11
62 9
6 17
56 58
25 78
36 15
18 83
93 14
99 69
52 69
13 9
52 15
36 88
69 75
76 31
2 30
35 76
42 92
19 24
66 73
12 10
80 22
16 9
29 16
88 87
47 86
29 69
3 100
45 54
45 88
47 31
34 96
98 84
53 93
66 60
80 52
12 59
35 10
93 52
20 59
54 31
51 87
14 82
65 70
88 62
13 62
63 48
88 44
61 24
76 86
85 45
52 60
47 44
12 86
53 75
51 100
60 3
61 76
37 81
19 31
66 24
10 14
39 79
20 85
13 27
53 19
77 68
93 47
99 89
35 69
80 16
33 86
76 22
52 77
37 98
20 93
37 84
21 2
32 55
2 96
99 51
83 67
88 100
96 4
92 70
63 7
98 58
42 91
2 67
41 55
34 4
39 78
78 17
21 6
57 84
2 34
41 30
98 18
14 78
33 64
56 32
91 96
28 94
14 42
32 92
5 55
29 24
39 32
36 62
38 49
76 77
43 30
7 43
98 78
29 44
83 67
5 6
37 18
8 90
66 62
57 11
83 84
34 4
33 9
98 58
85 16
18 26
53 86
34 82
7 65
28 4
56 17
39 17
36 100
6 98
6 55
79 30
80 77
20 9
41 71
96 95
53 77
13 100
42 40
92 96
14 98
41 84
83 81
43 74
39 63
99 87
5 74
83 70
26 30
63 30
2 6
29 66
91 17
37 4
76 45
22 85
62 15
37 65
79 48
26 30
8 34
5 2
58 4
53 100
37 6
32 96
6 97
32 70
1 46
11 25
40 81
21 84
53 64
7 50
59 14
1 2
71 46
40 67
37 6
37 42
39 17
97 50
1 98
25 46
2 30
42 56
42 97
46 55
79 97
82 55
71 50
84 58
5 65
41 32
8 2
58 17
53 29
18 4
35 33
23 69
18 4
79 78
14 98
20 16
8 42
41 43
63 32
91 11
92 70
42 48
89 9
26 48
7 91
94 81
34 57
42 67
52 54
7 81
65 81
90 25
13 72
19 24
21 56
91 56
68 26
64 42
41 25
15 26
9 79
68 95
91 83
77 72
89 2
77 42
45 97
87 71
51 55
47 83
45 46
47 9
19 22
7 50
60 83
93 40
92 81
67 78
13 22
29 25
56 94
100 330 21
13 11
22 2
35 9
85 98
48 37
39 37
47 31
84 76
24 57
90 74
22 63
93 98
89 62
13 34
91 96
51 89
48 87
53 57
14 46
28 81
62 44
21 48
100 36
84 62
88 54
44 100
76 2
27 87
25 54
91 24
78 53
30 14
82 1
91 5
77 67
27 89
22 100
33 66
21 51
73 19
32 73
21 12
91 84
21 73
30 14
87 63
22 54
93 71
6 76
67 100
65 94
99 50
54 47
100 17
91 87
48 12
32 19
22 19
5 62
40 97
80 4
48 14
92 80
21 47
79 87
48 44
48 89
15 72
5 69
27 76
35 19
25 32
51 37
37 2
35 32
32 62
65 80
54 31
27 12
3 17
56 67
61 10
78 31
35 82
96 37
78 82
15 44
24 1
27 25
21 1
12 31
25 29
59 4
46 47
39 87
48 63
24 67
42 54
42 62
37 100
22 12
56 32
15 20
8 81
41 16
50 58
2 47
81 68
95 26
39 27
9 79
6 37
88 100
71 18
25 54
90 66
25 37
1 73
6 14
91 20
90 17
35 69
84 1
50 64
30 32
39 87
50 41
5 78
56 15
96 46
85 38
35 62
2 100
65 83
48 42
75 68
35 76
88 51
2 57
42 37
96 82
67 31
53 31
70 61
78 2
65 66
55 58
55 49
67 100
6 78
52 70
41 68
90 97
22 89
66 81
8 10
8 71
100 81
60 98
83 8
49 43
82 57
4 43
15 24
51 84
21 48
90 40
65 16
93 64
70 8
61 11
66 68
75 81
10 43
65 41
41 7
13 98
3 28
7 80
88 73
65 13
24 73
67 1
86 41
88 30
36 85
94 71
52 85
79 72
96 31
77 29
65 90
22 47
50 71
46 29
22 67
80 71
52 97
65 43
85 70
42 67
61 11
39 100
50 40
81 38
26 98
41 17
90 49
50 7
34 38
61 86
25 22
42 19
54 37
13 17
16 68
50 28
25 35
100 10
60 8
99 61
88 9
78 47
45 8
2 57
30 76
36 74
70 75
61 4
41 98
65 93
85 98
26 97
85 92
26 10
50 64
99 61
88 51
70 33
25 53
59 81
85 68
86 23
99 93
79 76
34 97
52 94
70 94
71 66
92 43
48 76
33 41
100 98
95 49
11 18
41 71
13 71
56 57
83 10
37 29
45 98
41 23
95 59
26 66
83 40
45 66
3 23
90 10
71 68
99 11
64 58
95 4
64 49
95 26
47 31
77 9
17 4
52 75
39 82
36 60
59 18
57 47
75 17
40 66
55 58
66 17
65 18
28 38
45 61
11 23
100 81
13 33
32 73
45 86
83 11
86 40
71 4
75 11
92 16
59 43
20 70
36 58
44 43
77 58
76 20
42 94
21 49
62 44
42 61
82 20
19 17
27 76
53 68
87 44
78 72
82 4
21 92
32 43
53 58
53 55
53 47
36 23
48 46
87 92
21 35
34 97
41 7
88 70
74 71
40 49
100 330 59
88 44
92 91
4 12
54 93
97 48
2 36
67 1
59 44
7 82
19 58
12 37
58 98
93 64
19 5
19 44
19 90
4 86
4 1
64 9
42 100
69 43
62 11
94 88
7 34
62 23
22 43
80 52
13 24
59 92
91 98
72 86
88 22
59 64
86 98
39 44
86 5
79 100
59 64
84 1
2 29
81 79
10 5
42 69
1 100
10 74
64 1
73 76
10 12
21 77
54 38
70 9
64 86
44 5
67 84
22 31
92 1
90 86
90 52
65 56
59 22
3 2
94 67
94 100
84 52
90 18
41 100
81 31
49 11
35 42
7 23
88 77
98 37
7 50
64 1
67 18
14 36
46 55
45 60
91 61
83 18
87 36
67 22
93 39
13 3
98 69
40 23
91 70
2 85
9 47
4 72
22 43
54 38
28 48
5 66
6 70
9 41
30 52
42 5
18 74
93 52
93 88
47 43
59 10
91 98
59 37
21 83
68 36
10 18
40 34
12 58
6 18
87 2
80 31
52 5
63 17
3 62
10 72
44 52
83 58
72 18
94 86
10 98
63 40
70 89
54 39
6 92
81 43
84 89
25 55
54 58
10 64
88 47
9 80
51 26
19 52
44 12
72 39
1 43
97 99
71 74
22 90
21 19
83 43
64 69
73 49
6 89
83 12
71 90
83 42
27 78
75 49
14 50
77 37
53 65
10 72
23 48
20 50
18 58
22 42
45 27
45 56
32 78
79 5
83 61
68 26
62 56
13 14
1 31
96 76
54 93
51 11
15 2
76 16
60 49
45 68
72 77
6 31
60 40
99 78
62 50
70 72
60 56
97 11
85 48
53 65
87 97
39 5
19 42
34 26
94 4
54 100
13 25
40 55
76 23
75 16
22 47
95 82
25 48
33 48
17 50
65 50
45 11
69 89
91 52
76 85
54 21
63 55
8 13
88 38
51 33
20 24
73 65
45 50
51 85
33 16
33 34
7 32
49 33
94 41
73 34
17 29
65 50
33 62
50 16
49 56
5 56
91 69
86 30
17 66
99 34
23 78
46 32
10 12
19 30
46 48
29 56
53 48
40 2
7 76
8 63
67 83
13 65
45 46
46 26
60 97
7 33
72 52
57 32
51 3
45 49
81 64
29 48
76 36
15 16
19 84
7 85
60 27
33 32
96 78
75 51
46 14
76 85
53 25
40 23
7 78
71 52
3 48
80 18
32 20
76 25
9 69
85 48
49 11
8 66
45 32
87 17
13 68
32 16
96 48
14 85
8 49
94 41
96 65
32 26
53 73
98 43
68 2
13 78
63 50
68 14
97 82
49 82
34 20
23 20
7 26
34 82
97 55
13 49
78 85
5 48
82 16
39 28
54 79
67 100
32 16
59 21
37 45
6 99
93 97
35 55
3 27
49 76
92 2
4 19
63 95
81 49
72 60
94 83
81 15
4 28
70 78
5 34
74 53
84 23
19 49
86 56
12 14
4 68
70 100
58 8
100 330 69
58 45
58 56
68 35
62 48
73 85
69 85
41 83
32 91
63 67
48 63
27 3
98 96
14 3
92 83
61 95
61 97
67 45
49 63
49 38
20 95
60 66
26 78
49 48
36 97
97 89
59 33
42 37
32 76
98 49
1 43
93 33
91 35
96 15
48 22
94 88
25 100
4 88
48 16
27 23
94 45
76 63
94 68
80 99
51 37
4 88
64 30
73 64
56 75
62 84
13 52
10 85
98 99
1 40
71 39
94 38
9 22
46 52
8 70
73 64
94 31
31 38
28 59
21 91
34 28
71 60
1 74
76 86
34 43
21 30
1 51
15 95
88 97
49 94
91 16
74 44
71 60
62 22
50 7
68 89
69 60
96 66
11 54
94 31
2 77
55 51
60 85
96 97
22 89
71 97
71 99
32 61
4 99
87 75
39 97
75 84
60 88
43 5
96 84
10 67
48 20
72 42
23 6
62 35
62 89
1 92
94 38
4 79
58 48
49 75
86 85
56 45
68 4
49 36
92 33
55 18
73 89
55 19
79 97
74 3
69 39
26 92
41 5
21 66
29 48
49 20
13 12
62 64
8 74
56 10
60 4
36 45
27 77
69 32
84 95
32 79
98 87
91 9
4 84
94 79
71 88
84 15
39 64
58 91
100 77
28 83
29 89
22 89
36 79
68 39
48 84
44 77
82 92
78 70
43 37
4 15
1 50
46 25
25 90
78 5
21 56
29 73
43 37
65 3
96 85
93 57
54 7
48 63
26 81
13 18
46 19
82 50
21 76
93 82
47 18
60 73
5 37
41 23
93 27
82 72
81 52
82 83
21 75
75 63
31 22
82 41
32 20
32 35
74 42
18 12
50 11
98 73
20 35
11 7
31 22
14 40
26 7
47 7
85 16
78 17
9 30
100 51
19 44
81 18
98 60
57 52
43 40
93 37
14 33
50 27
87 30
46 17
94 16
98 29
43 52
13 1
12 7
49 30
58 76
1 70
1 90
62 53
72 23
13 59
60 80
78 59
52 19
73 61
56 53
53 45
46 90
20 97
76 39
57 59
8 40
55 74
41 51
16 59
87 71
10 97
61 95
11 44
6 3
19 12
44 37
91 97
52 50
5 54
71 89
82 55
23 19
6 12
13 42
28 37
94 38
49 30
62 76
72 28
14 55
93 13
93 72
77 12
13 3
14 65
24 6
57 47
31 95
74 52
8 37
34 57
25 37
82 90
21 91
57 3
8 70
2 44
40 100
74 37
93 23
88 64
82 78
43 81
13 6
16 18
41 7
82 33
34 19
72 37
74 40
1 3
19 17
11 6
55 72
92 54
47 18
11 54
34 92
14 3
46 18
8 78
11 44
11 18
46 82
87 46
2 74
39 80
97 89
97 74
62 8
67 7
68 24
49 38
85 2
36 55
71 12
98 89
82 26
49 66
43 25
80 70
48 16
96 1
11 83
76 1
56 10
60 34
87 26
86 47
24 37
29 43
69 16
100 330 78
73 31
23 98
50 72
35 90
70 56
36 18
94 57
74 21
9 7
58 30
76 31
32 39
36 38
91 42
18 38
91 14
8 60
10 21
83 92
22 91
58 30
9 34
58 62
78 91
90 55
64 68
33 95
18 88
78 71
32 76
79 66
40 41
24 38
7 88
22 38
78 40
73 92
82 43
31 34
23 71
48 95
67 13
53 95
40 98
79 70
32 84
18 58
76 73
41 14
35 91
32 23
69 16
13 96
40 7
39 88
32 45
23 39
80 34
67 96
67 30
36 11
16 60
9 75
26 96
46 62
3 22
80 14
51 41
94 82
1 69
61 39
35 18
73 39
23 42
55 59
67 45
36 40
11 59
79 47
40 84
18 55
18 39
67 3
51 3
23 84
16 100
80 83
85 60
91 62
3 71
23 88
1 83
51 71
5 30
40 42
78 59
96 62
8 56
26 96
82 100
65 75
76 88
40 30
13 58
65 52
91 30
43 56
65 40
65 58
51 42
76 62
96 34
11 31
13 61
30 34
22 34
90 92
80 1
7 71
67 52
13 55
80 58
73 96
96 58
99 68
45 83
7 31
52 42
24 80
90 62
65 32
22 31
51 45
3 14
32 22
26 30
7 58
55 92
72 28
91 83
41 55
94 37
69 56
78 32
43 29
21 72
90 71
3 38
15 49
10 8
82 15
38 98
84 1
3 75
49 77
80 34
99 20
27 68
72 87
28 100
3 76
74 17
44 17
50 25
70 37
63 49
76 88
6 44
74 28
16 89
60 49
56 27
16 37
8 70
61 11
21 2
69 89
63 97
50 85
72 97
28 2
70 77
69 37
16 44
27 97
20 97
64 57
69 72
74 85
4 47
12 87
86 81
77 89
66 100
79 81
15 100
53 37
48 57
63 100
49 37
50 85
4 68
2 49
79 48
43 27
44 2
63 66
82 15
50 8
86 47
81 33
96 30
94 87
10 54
11 7
15 47
52 83
69 85
16 2
42 34
93 97
4 77
12 28
81 20
4 44
70 6
81 97
50 66
15 49
36 75
64 57
87 82
12 37
79 8
44 68
79 12
8 43
9 52
78 59
25 95
79 6
16 20
51 83
26 83
44 57
56 29
25 29
74 15
8 6
76 75
11 5
44 56
79 33
40 62
80 71
79 97
5 69
74 54
93 100
70 29
28 2
17 66
48 95
94 79
81 29
52 98
91 69
12 99
21 93
80 14
94 79
50 33
8 64
69 97
69 49
13 18
65 14
10 37
25 17
82 27
21 12
21 95
53 100
73 38
16 20
32 62
64 93
20 97
99 25
12 44
79 85
48 89
51 36
70 68
13 61
69 81
69 99
63 48
10 15
70 81
24 77
11 31
26 45
65 34
50 21
87 37
16 25
62 77
92 87
27 97
46 84
45 62
51 70
75 10
98 97
11 73
76 43
26 97
9 70
18 11
88 2
6 2
42 92
65 58
83 93
30 4
17 37
46 63
35 10
21 29
100 330 34
86 75
95 22
69 52
97 12
86 68
36 52
43 88
69 78
10 6
31 79
71 78
38 42
69 45
30 74
9 92
97 20
55 79
11 32
79 54
70 73
80 65
23 52
81 22
97 52
90 20
70 46
54 73
63 33
71 62
95 92
61 48
84 69
90 46
80 54
20 73
8 74
25 76
10 83
17 46
2 45
16 69
84 63
8 19
11 92
84 63
90 36
79 89
67 54
80 73
55 22
60 10
75 98
51 80
60 18
71 73
61 92
51 62
59 94
18 47
27 60
32 2
91 58
77 45
17 92
79 33
12 58
37 19
55 61
66 9
66 52
42 93
51 52
32 71
9 61
92 68
91 48
95 90
16 73
38 87
16 20
21 88
44 75
37 83
18 39
28 3
95 48
41 70
44 6
96 35
34 12
2 46
66 52
16 21
36 92
11 89
90 73
69 71
1 82
49 92
41 31
85 13
54 43
70 92
80 46
2 78
86 76
71 81
36 55
31 43
44 57
60 10
4 52
63 62
9 32
98 29
21 22
17 91
69 65
64 24
97 23
17 81
20 88
72 3
70 73
49 54
64 19
11 21
79 48
75 8
84 63
4 91
66 78
69 22
79 22
34 97
50 35
23 55
49 55
79 43
4 12
32 55
41 81
17 91
100 72
45 33
68 50
69 91
20 22
30 59
54 22
38 10
13 76
59 93
21 54
85 53
63 88
57 93
75 19
70 65
19 83
75 72
76 39
92 19
60 39
30 24
70 58
75 26
18 94
98 38
21 88
68 76
29 56
84 4
69 80
96 94
1 37
40 42
82 14
45 33
86 14
38 3
1 18
57 18
98 26
37 99
30 18
28 57
24 47
92 87
51 41
8 60
96 68
84 65
92 15
64 56
51 81
29 18
21 54
85 100
87 99
11 77
70 73
28 50
75 8
27 15
77 43
28 35
39 19
13 35
13 15
60 85
7 27
4 31
55 61
14 50
44 18
38 57
44 38
87 83
7 83
13 47
69 46
40 19
4 43
7 59
68 39
69 54
30 93
13 47
64 6
13 99
41 80
60 100
87 83
50 35
26 3
53 37
84 51
84 62
90 43
28 5
25 93
30 100
24 56
72 94
36 79
96 87
60 24
5 87
37 74
5 64
4 62
42 3
14 35
98 42
25 37
96 100
80 22
38 99
15 47
30 99
14 57
10 72
42 72
84 22
98 37
1 44
34 77
28 99
53 83
36 55
68 64
16 2
31 92
14 19
68 26
8 64
35 94
29 6
75 50
97 49
15 56
85 37
67 71
96 38
41 71
38 76
1 26
38 56
80 20
95 67
97 67
72 56
59 56
44 6
24 72
57 68
35 42
40 60
2 43
34 3
48 52
61 85
58 94
41 99
79 46
97 74
63 74
51 89
90 8
17 72
36 20
71 89
80 89
27 39
73 83
92 72
65 94
92 1
14 13
97 47
88 7
9 10
21 96
46 43
67 36
65 6
97 79
77 80
9 44
100 330 67
98 84
13 70
91 5
91 24
17 77
46 43
3 16
81 77
98 89
12 31
8 80
11 53
70 4
65 23
23 77
13 100
67 60
14 56
46 30
78 16
7 40
72 89
23 45
30 4
51 44
66 25
80 53
49 28
11 85
67 60
85 16
30 70
46 30
33 64
65 17
75 79
51 17
16 7
34 12
17 56
84 38
18 7
84 17
67 78
82 35
92 46
38 51
1 53
49 7
71 85
22 73
1 53
38 89
34 85
12 53
54 79
64 74
98 65
65 51
8 30
75 9
78 30
39 24
81 12
84 90
84 77
12 28
12 53
65 84
45 16
21 48
59 7
59 30
23 44
64 16
85 14
92 56
84 89
60 92
91 19
11 52
59 53
75 96
3 28
46 53
47 95
42 13
16 80
65 89
67 4
87 48
95 68
46 34
15 5
98 90
81 46
54 95
92 49
33 59
55 40
42 8
13 4
44 77
67 70
13 16
12 51
69 68
63 26
8 14
79 40
52 17
32 88
91 66
54 82
78 49
56 70
100 74
71 90
92 18
81 18
33 65
34 70
32 63
47 25
72 7
81 1
6 55
92 56
21 62
23 80
25 37
26 96
3 53
8 53
87 61
81 18
18 71
19 36
45 17
48 37
65 51
38 17
28 31
88 6
93 37
1 80
92 100
45 89
78 44
41 36
40 96
73 10
87 26
54 55
2 55
50 15
19 83
7 91
67 20
93 37
41 19
50 10
28 31
62 57
63 99
39 83
66 58
82 50
82 63
64 45
97 57
87 40
62 5
61 37
60 42
21 6
48 10
1 78
88 27
22 29
72 4
66 10
41 73
15 68
35 83
87 58
97 94
94 68
23 53
23 74
97 66
35 37
7 79
58 96
87 91
25 57
8 11
76 5
54 73
87 41
26 40
32 21
7 21
92 7
79 93
42 100
73 15
47 91
41 96
5 57
86 27
54 76
87 47
29 62
58 27
91 9
32 62
23 17
43 14
45 31
14 80
61 9
59 18
60 46
79 19
42 12
29 36
2 26
42 81
79 55
66 27
91 83
89 4
48 96
88 69
67 90
15 5
65 59
95 24
32 57
47 62
63 2
75 27
62 27
73 99
61 86
91 37
18 4
62 83
26 10
75 37
35 5
94 83
31 53
69 96
13 56
25 5
2 40
81 80
35 79
32 48
19 69
21 10
68 37
35 86
91 57
92 44
35 15
32 10
42 33
44 70
41 19
71 30
71 49
45 56
47 69
79 55
21 79
50 6
1 49
47 26
87 91
6 27
88 79
22 27
95 25
65 100
19 58
82 83
87 91
61 26
77 80
35 94
87 83
86 26
31 100
64 49
50 93
76 83
35 5
92 39
28 80
100 5
16 48
24 9
12 86
77 94
61 58
23 21
18 90
33 82
61 58
95 10
71 83
98 88
51 87
11 91
39 24
18 29
1 74
44 31
43 23
35 6
85 17
45 99
74 39
3 80
71 75
78 76
1 27
100 330 1
7 14
24 98
1 44
1 92
1 18
8 15
82 90
1 28
96 3
51 13
92 85
1 88
55 88
39 85
65 13
39 74
63 42
54 45
2 74
78 7
71 84
42 39
11 56
42 36
9 87
65 44
39 9
3 9
59 73
3 37
33 66
59 8
39 36
82 87
37 7
79 10
68 72
36 79
3 63
2 78
84 87
86 33
81 17
7 67
41 56
99 76
86 79
72 58
65 78
32 25
99 67
88 10
9 25
3 22
6 53
36 18
78 9
76 82
2 84
97 52
20 62
27 85
81 5
74 84
81 8
55 27
65 99
92 51
65 10
6 53
65 42
14 44
3 25
66 25
70 29
63 92
76 84
59 24
92 14
28 88
49 17
2 90
37 76
42 10
80 30
66 14
41 73
68 29
64 55
66 27
88 82
72 19
42 39
20 34
65 2
52 21
59 47
57 87
23 67
76 88
99 49
55 48
83 48
2 90
83 23
11 75
39 90
1 18
89 26
28 67
97 31
66 22
83 27
33 63
6 72
89 58
96 76
39 44
21 15
28 36
19 91
87 44
37 92
1 78
92 32
87 18
70 38
92 18
39 49
2 87
28 84
36 76
83 96
1 92
85 22
60 78
71 4
14 25
2 85
64 18
93 88
6 94
1 44
2 28
96 9
43 17
12 69
51 79
71 93
6 47
6 54
20 21
30 94
31 69
12 59
52 11
47 46
83 10
81 31
66 32
81 31
65 28
70 40
39 32
12 77
100 53
85 44
70 34
49 70
64 67
46 15
12 98
31 19
5 98
8 56
49 80
77 98
30 26
97 16
1 86
64 65
41 62
89 54
73 54
87 25
24 56
42 27
3 49
6 98
70 73
12 21
11 56
92 78
31 35
54 58
6 11
70 53
1 33
11 62
52 53
23 25
20 17
31 77
69 98
16 17
41 15
20 91
97 69
77 56
50 8
63 27
97 100
69 56
50 91
27 87
46 15
73 75
16 69
52 8
12 54
11 16
40 91
69 91
81 35
63 57
26 17
64 22
81 12
68 69
48 25
34 16
10 49
41 46
81 29
93 51
2 88
58 98
58 98
89 24
69 40
31 80
89 20
97 81
81 11
33 99
55 60
95 69
77 16
73 17
94 53
67 79
12 53
31 61
88 25
49 68
62 34
5 19
55 44
43 38
73 95
62 95
40 91
29 24
12 94
31 24
29 58
24 38
49 50
89 58
48 76
29 34
55 42
100 91
29 54
89 35
69 24
3 55
73 45
93 74
86 9
15 56
29 75
34 38
64 32
86 32
40 91
33 57
6 98
53 56
6 56
81 34
73 98
12 77
60 9
89 15
4 22
46 75
39 7
68 40
100 38
78 31
4 80
80 54
9 15
87 34
12 73
31 52
63 16
41 61
1 56
83 29
25 47
55 27
99 19
66 11
8 38
84 40
96 29
28 38
92 95
11 40
67 95
88 56
81 30
92 35
93 58
41 58
65 56
87 16
100 75
100 330 56
85 21
15 17
26 100
6 84
50 83
77 16
15 68
14 81
93 100
15 62
9 42
16 88
85 23
73 71
19 83
6 48
2 83
26 1
13 83
99 83
6 75
98 62
80 88
29 60
30 81
38 5
100 9
31 1
41 62
81 95
89 92
26 15
12 46
31 41
77 26
95 88
31 80
58 4
33 88
57 53
58 31
72 95
73 36
44 25
29 95
77 88
99 81
23 40
51 75
94 2
86 23
63 60
59 48
93 21
50 29
2 80
56 85
1 79
30 2
94 83
18 7
33 21
86 65
41 65
91 67
97 78
56 13
24 72
1 28
62 57
19 63
77 21
62 23
85 65
21 2
26 24
85 23
29 80
94 41
22 69
31 40
72 89
6 5
13 16
58 2
24 2
15 81
50 8
24 40
97 84
13 50
79 4
91 47
94 95
68 98
100 70
53 40
68 81
3 35
60 21
58 21
99 14
84 25
1 53
84 44
31 53
41 14
62 80
59 37
30 28
90 75
93 81
90 9
79 53
56 8
53 100
17 40
8 14
29 62
31 21
79 57
66 22
72 83
50 89
11 96
54 25
38 46
58 100
8 14
19 24
73 55
17 29
8 53
30 28
85 16
1 30
6 37
31 62
26 79
17 23
60 21
50 23
15 19
1 23
29 92
85 88
75 37
60 33
13 95
86 29
74 25
27 54
59 71
27 48
8 100
91 48
23 83
87 45
10 61
47 78
39 32
43 32
71 76
43 7
90 18
66 22
6 48
11 38
91 76
29 85
18 42
48 45
37 35
43 35
100 42
77 95
54 96
13 4
63 95
9 10
11 76
39 61
43 61
37 96
9 47
82 5
9 49
27 69
43 67
38 69
19 2
27 32
100 87
100 82
12 59
19 29
82 10
87 22
27 35
97 69
35 96
18 75
18 48
51 69
27 37
69 25
18 82
38 67
32 34
89 88
71 47
71 47
48 78
82 34
56 68
18 96
38 61
43 3
22 76
74 45
68 4
43 36
64 88
31 28
34 49
90 51
59 11
46 61
90 71
19 23
12 52
66 78
46 67
59 32
100 54
99 83
82 48
3 82
95 80
52 76
29 64
7 82
96 67
97 67
12 39
36 76
9 49
12 34
97 27
84 25
73 34
100 78
12 39
70 45
51 55
9 3
60 100
55 69
98 65
95 53
37 45
19 92
70 76
69 78
43 22
72 4
33 62
81 62
55 54
7 36
44 5
52 45
12 49
56 24
24 4
73 36
74 37
38 76
70 22
87 35
11 69
52 42
41 28
55 48
90 32
39 54
24 57
9 55
38 34
26 88
13 64
11 27
12 74
57 28
54 76
2 23
74 44
66 97
100 66
98 81
15 36
58 53
34 5
99 70
32 49
56 90
30 76
19 37
64 62
99 69
29 37
98 55
79 90
20 90
88 43
30 27
3 84
4 89
14 4
2 4
17 38
69 78
51 70
64 100
86 57
50 45
81 40
85 78
73 76
59 82
100 400 33
33 37
2 45
33 37
33 37
33 37
33 37
33 37
35 6
33 37
33 37
33 37
33 37
33 37
33 37
33 37
33 37
33 37
33 37
33 37
33 37
33 37
33 37
2 53
82 55
39 99
33 37
33 37
33 37
33 37
33 37
33 37
33 37
33 37
33 37
33 37
33 37
33 37
33 37
33 37
33 37
33 37
33 37
6 66
33 37
33 37
33 37
33 37
33 37
33 37
33 37
33 37
33 37
90 96
33 37
33 37
3 9
33 37
33 37
33 37
33 37
33 37
33 37
26 55
33 37
20 12
91 32
33 37
46 20
60 76
46 59
3 53
33 37
33 37
1 88
33 37
33 37
29 94
33 37
33 37
33 37
33 37
33 37
33 37
80 44
33 37
33 37
33 37
33 37
33 37
33 37
33 37
33 37
27 86
33 37
54 70
33 37
33 37
33 37
33 37
33 37
33 37
33 37
33 37
84 97
33 37
33 37
33 37
33 37
33 37
33 37
33 37
33 37
33 37
33 37
33 37
33 37
33 37
62 43
33 37
7 98
33 37
33 37
33 37
33 37
33 37
33 37
33 37
33 37
33 37
33 37
53 64
33 37
67 97
33 37
9 32
33 37
33 37
81 31
33 37
21 72
33 37
33 37
33 37
33 37
33 37
33 37
33 37
33 37
33 37
33 37
33 37
33 37
33 37
33 37
33 37
9 97
33 37
33 37
70 8
33 37
33 37
41 58
33 37
33 37
33 37
33 37
33 37
33 37
21 67
85 68
87 88
33 37
24 35
33 37
33 37
33 37
33 37
22 30
4 14
33 37
33 37
33 37
52 66
20 75
24 49
5 58
33 37
33 37
33 37
38 98
33 37
33 37
90 46
33 37
33 37
33 37
33 37
33 37
33 37
18 59
100 86
44 68
33 37
13 6
34 47
93 75
52 66
33 37
16 93
21 76
77 7
33 37
3 85
33 37
15 69
33 37
90 38
47 15
78 43
24 63
33 37
54 50
33 37
86 66
33 37
60 79
2 65
73 72
95 92
26 40
90 83
33 37
33 37
33 37
33 37
67 57
33 37
73 34
54 25
44 67
33 37
4 45
44 7
86 57
33 37
71 99
73 8
48 57
61 19
56 8
9 66
11 84
84 55
36 35
33 37
32 40
74 14
33 37
50 97
57 40
57 84
33 37
28 20
47 72
33 37
28 26
73 23
33 37
91 80
63 85
21 38
46 29
9 61
81 75
41 97
27 29
31 67
1 72
33 37
78 23
78 66
44 58
60 68
87 42
86 44
89 6
16 55
83 35
56 23
31 43
33 37
73 95
91 36
33 37
16 68
38 74
33 37
33 37
53 58
65 68
21 19
34 85
33 37
77 11
40 58
52 97
33 37
85 17
32 22
38 6
2 63
33 37
89 78
29 85
33 37
33 37
21 11
1 59
90 75
33 37
71 81
62 26
27 69
10 98
33 37
83 61
1 70
39 56
99 19
59 52
89 75
33 37
21 69
29 4
2 52
24 11
1 67
18 45
90 38
33 37
33 37
24 40
18 100
28 2
51 60
33 37
21 31
11 88
13 6
42 97
94 6
28 36
86 71
92 98
86 19
91 2
82 55
36 71
33 37
36 15
60 97
90 64
33 37
25 81
18 7
77 93
39 98
32 23
33 37
3 52
91 39
13 39
9 70
47 31
33 37
94 14
33 37
95 83
32 94
73 24
74 8
16 62
32 8
2 88
33 37
74 60
27 67
59 97
21 16
15 84
33 37
54 15
21 88
18 84
83 76
33 37
71 70
47 96
19 50
1 30
100 400 72
72 37
52 39
90 84
74 11
72 37
72 37
8 80
72 37
72 37
72 37
72 37
72 37
72 37
72 37
60 65
72 37
72 37
72 37
72 37
6 93
72 37
72 37
17 51
72 37
72 37
72 37
72 37
72 37
72 37
72 37
82 51
72 37
72 37
72 37
72 37
90 69
72 37
72 37
72 37
72 37
72 37
72 37
72 37
72 37
28 45
16 90
72 37
72 37
72 37
63 97
72 37
72 37
72 37
91 7
72 37
72 37
72 37
72 37
72 37
72 37
72 37
72 37
72 37
72 37
72 37
72 37
72 37
72 37
72 37
72 37
72 37
72 37
72 37
72 37
72 37
72 37
72 37
72 37
72 37
31 82
72 37
20 80
72 37
72 37
72 37
52 93
72 37
72 37
72 37
2 61
72 37
72 37
6 45
72 37
72 37
72 37
72 37
72 37
72 37
72 37
84 99
72 37
95 13
72 37
72 37
72 37
72 37
72 37
72 37
72 37
72 37
72 37
72 37
72 37
72 37
72 37
72 37
72 37
72 37
72 37
72 37
71 2
72 37
12 7
74 97
72 37
72 37
72 37
72 37
38 66
72 37
72 37
72 37
72 37
72 37
72 37
72 37
62 23
72 37
100 96
72 37
60 47
72 37
95 64
78 66
72 37
72 37
72 37
72 37
72 37
72 37
72 37
72 37
72 37
72 37
36 69
72 37
8 33
72 37
72 37
72 37
72 37
72 37
72 37
72 37
72 37
12 47
72 37
72 37
43 26
72 37
72 37
72 37
72 37
72 37
72 37
72 37
72 37
17 6
88 24
72 37
72 37
72 37
72 37
72 37
72 37
72 37
72 37
72 37
72 37
72 37
72 37
93 14
72 37
72 37
72 37
57 69
72 37
60 1
72 37
95 23
48 33
92 81
72 37
17 26
50 13
5 73
93 57
95 45
82 27
22 71
88 2
99 61
27 76
50 96
52 99
6 90
52 16
9 66
9 57
72 37
67 5
32 46
72 37
17 23
29 83
22 78
2 1
72 37
58 98
86 33
72 37
72 37
56 45
19 53
88 47
9 78
77 15
71 35
93 2
31 71
72 37
54 69
46 14
47 86
6 4
75 45
8 61
80 7
41 56
48 87
82 65
6 95
65 3
52 12
29 47
72 37
67 99
72 37
74 51
60 83
35 41
51 85
72 37
50 67
52 40
54 94
72 37
6 12
72 37
60 54
58 46
72 37
72 37
43 66
83 75
32 99
50 66
58 8
8 34
9 31
93 92
72 37
90 57
52 24
35 61
85 27
72 37
72 37
82 97
42 77
52 93
66 10
56 23
46 45
50 10
85 45
4 38
74 64
34 70
52 4
44 86
72 37
95 73
72 37
44 39
20 40
76 33
38 44
2 91
16 13
60 98
97 7
53 81
12 36
72 37
36 47
63 81
72 37
52 4
20 21
72 37
41 11
100 22
58 35
72 37
44 2
1 7
16 67
85 38
72 37
88 41
68 49
58 57
58 67
72 37
77 40
91 39
34 65
24 1
49 34
90 70
8 84
54 99
68 70
60 66
89 45
72 37
88 39
76 5
72 37
72 37
72 37
34 41
72 37
21 65
72 37
55 74
72 37
60 3
12 98
65 63
72 37
20 42
27 1
25 60
72 37
52 39
82 77
54 10
20 43
23 64
68 39
18 88
72 37
95 63
8 33
24 56
6 73
48 65
34 97
35 76
17 26
31 40
25 70
35 10
4 98
22 24
1 77
54 63
72 37
55 32
36 13
72 37
72 37
96 83
65 42
55 81
45 33
22 19
100 400 87
81 6
87 83
87 83
87 83
87 83
87 83
87 83
87 83
19 11
87 83
87 83
87 83
87 83
87 83
87 83
99 3
87 83
25 66
27 76
42 66
87 83
87 83
39 77
87 83
87 83
87 83
87 83
87 83
87 83
87 83
8 84
87 83
87 83
87 83
87 83
87 83
87 83
37 74
18 38
87 83
7 21
87 83
87 83
87 83
87 83
24 65
87 83
87 83
87 83
87 83
87 83
87 83
87 83
87 83
87 83
87 83
87 83
44 32
87 83
87 83
87 83
87 83
86 80
87 83
38 21
87 83
87 83
87 83
87 83
87 83
87 83
87 83
87 83
87 83
87 83
87 83
87 83
26 74
87 83
87 83
87 83
87 83
87 83
87 83
3 54
87 83
87 83
87 83
87 83
87 83
87 83
87 83
87 83
87 83
87 83
87 83
87 83
16 38
87 83
87 83
87 83
87 83
87 83
87 83
87 83
87 83
4 82
87 83
87 83
87 83
87 83
87 83
81 100
87 83
87 83
87 83
87 83
87 83
96 84
42 77
23 78
87 83
87 83
34 32
87 83
11 25
87 83
88 85
87 83
87 83
87 83
16 53
32 84
87 83
87 83
89 21
87 83
87 83
87 83
87 83
87 83
87 83
71 73
87 83
87 83
87 83
87 83
87 83
87 83
87 83
87 83
96 67
87 83
87 83
87 83
87 83
14 69
87 83
87 83
81 88
87 83
87 83
87 83
87 83
87 83
87 83
87 83
87 83
87 83
87 83
87 83
87 83
87 83
87 83
87 83
87 83
87 83
15 85
87 83
87 83
87 83
87 83
87 83
87 83
87 83
41 40
87 83
91 14
87 83
87 83
87 83
87 83
26 71
87 83
87 83
87 83
87 83
87 83
87 83
87 83
58 71
87 83
87 83
61 28
50 100
86 78
87 83
72 33
72 36
10 31
43 34
97 80
91 78
94 29
35 29
10 70
12 75
70 49
89 92
50 80
87 83
4 23
87 83
42 79
13 53
87 83
10 20
52 84
71 65
4 45
12 91
6 40
44 22
37 36
23 48
87 83
34 3
59 85
97 85
64 8
75 13
23 52
87 83
56 11
37 25
49 7
43 3
39 54
64 70
89 86
52 70
32 75
99 65
87 83
92 62
89 61
87 83
19 53
18 32
14 22
9 66
55 25
58 35
87 83
99 94
91 80
84 85
87 83
68 5
82 53
93 72
87 83
44 75
3 63
23 93
24 76
4 6
87 83
69 82
41 28
87 83
27 30
44 69
43 74
86 34
46 29
87 83
54 66
15 90
4 94
44 63
52 73
57 8
25 40
87 83
82 53
25 22
18 52
55 93
72 73
48 7
15 60
87 83
9 56
94 98
87 83
67 69
34 77
8 82
2 78
96 71
97 37
32 51
15 27
5 77
19 67
62 95
9 62
34 3
87 83
72 25
9 44
87 83
10 30
37 49
57 88
76 45
94 90
61 94
19 94
81 66
81 80
87 83
84 79
68 98
87 83
73 77
87 83
97 100
1 64
61 21
87 83
91 98
72 49
30 98
87 83
52 32
9 25
48 56
47 82
81 48
86 90
87 83
87 83
37 84
59 14
4 81
87 83
18 8
87 83
64 42
61 32
3 51
3 54
87 83
87 83
26 99
69 53
81 2
28 84
87 83
58 79
27 91
91 92
19 63
87 83
87 83
59 19
22 21
42 88
6 95
61 7
64 66
34 24
77 60
81 17
100 3
89 94
80 53
84 85
86 55
89 67
50 90
5 70
87 83
23 3
75 60
87 83
27 76
46 39
0 0 0
